pattern1
occurrence1
0.0000000000, 77.0000000000
1.0000000000, 77.0000000000
1.0000000000, 79.0000000000
1.0000000000, 77.0000000000
2.0000000000, 76.0000000000
2.0000000000, 77.0000000000
3.0000000000, 72.0000000000
pattern2
occurrence1
6.0000000000, 77.0000000000
7.0000000000, 79.0000000000
7.0000000000, 77.0000000000
8.0000000000, 76.0000000000
8.0000000000, 77.0000000000
9.0000000000, 74.0000000000
pattern3
occurrence1
12.0000000000, 89.0000000000
13.0000000000, 91.0000000000
13.0000000000, 89.0000000000
14.0000000000, 88.0000000000
14.0000000000, 89.0000000000
15.0000000000, 91.0000000000
17.0000000000, 82.0000000000
pattern4
occurrence1
24.0000000000, 77.0000000000
25.0000000000, 79.0000000000
25.0000000000, 77.0000000000
26.0000000000, 76.0000000000
26.0000000000, 77.0000000000
27.0000000000, 72.0000000000
pattern5
occurrence1
32.0000000000, 74.0000000000
pattern6
occurrence1
38.0000000000, 93.0000000000
40.0000000000, 91.0000000000
pattern7
occurrence1
44.0000000000, 94.0000000000
46.0000000000, 93.0000000000
