pattern1
occurrence1
88.0000000000, 81.0000000000
89.0000000000, 81.0000000000
90.0000000000, 84.0000000000
91.0000000000, 82.0000000000
pattern2
occurrence1
144.0000000000, 79.0000000000
144.0000000000, 81.0000000000
144.0000000000, 83.0000000000
145.0000000000, 84.0000000000
145.0000000000, 86.0000000000
145.0000000000, 88.0000000000
145.0000000000, 90.0000000000
146.0000000000, 91.0000000000
146.0000000000, 90.0000000000
146.0000000000, 91.0000000000
146.0000000000, 90.0000000000
147.0000000000, 91.0000000000
pattern3
occurrence1
0.0000000000, 77.0000000000
1.0000000000, 77.0000000000
1.0000000000, 79.0000000000
1.0000000000, 77.0000000000
2.0000000000, 76.0000000000
2.0000000000, 77.0000000000
