pattern1
occurrence1
24.0000000000, 79.0000000000
24.0000000000, 72.0000000000
25.0000000000, 77.0000000000
25.0000000000, 65.0000000000
occurrence2
0.0000000000, 79.0000000000
0.0000000000, 72.0000000000
1.0000000000, 77.0000000000
1.0000000000, 65.0000000000
pattern2
occurrence1
42.0000000000, 77.0000000000
42.0000000000, 72.0000000000
43.0000000000, 77.0000000000
43.0000000000, 72.0000000000
44.0000000000, 72.0000000000
44.0000000000, 69.0000000000
44.0000000000, 65.0000000000
45.0000000000, 72.0000000000
45.0000000000, 72.0000000000
45.0000000000, 72.0000000000
occurrence2
18.0000000000, 77.0000000000
18.0000000000, 72.0000000000
19.0000000000, 77.0000000000
19.0000000000, 72.0000000000
20.0000000000, 72.0000000000
20.0000000000, 69.0000000000
20.0000000000, 65.0000000000
21.0000000000, 72.0000000000
21.0000000000, 72.0000000000
21.0000000000, 72.0000000000
pattern3
occurrence1
56.0000000000, 77.0000000000
56.0000000000, 72.0000000000
57.0000000000, 77.0000000000
57.0000000000, 72.0000000000
58.0000000000, 84.0000000000
58.0000000000, 82.0000000000
58.0000000000, 81.0000000000
59.0000000000, 82.0000000000
59.0000000000, 84.0000000000
59.0000000000, 82.0000000000
