pattern1
occurrence1
0.0000000000, 77.0000000000
1.0000000000, 77.0000000000
1.0000000000, 79.0000000000
1.0000000000, 77.0000000000
2.0000000000, 76.0000000000
2.0000000000, 77.0000000000
3.0000000000, 72.0000000000
pattern2
occurrence1
48.0000000000, 93.0000000000
49.0000000000, 94.0000000000
49.0000000000, 93.0000000000
50.0000000000, 91.0000000000
50.0000000000, 93.0000000000
51.0000000000, 96.0000000000
52.0000000000, 94.0000000000
53.0000000000, 93.0000000000
53.0000000000, 91.0000000000
54.0000000000, 89.0000000000
56.0000000000, 93.0000000000
56.0000000000, 91.0000000000
57.0000000000, 89.0000000000
pattern3
occurrence1
63.0000000000, 89.0000000000
64.0000000000, 91.0000000000
64.0000000000, 89.0000000000
65.0000000000, 88.0000000000
65.0000000000, 89.0000000000
pattern4
occurrence1
69.0000000000, 91.0000000000
70.0000000000, 93.0000000000
70.0000000000, 91.0000000000
71.0000000000, 90.0000000000
71.0000000000, 91.0000000000
pattern5
occurrence1
24.0000000000, 77.0000000000
25.0000000000, 79.0000000000
25.0000000000, 77.0000000000
26.0000000000, 76.0000000000
26.0000000000, 77.0000000000
27.0000000000, 72.0000000000
pattern6
occurrence1
30.0000000000, 77.0000000000
31.0000000000, 79.0000000000
31.0000000000, 77.0000000000
32.0000000000, 76.0000000000
32.0000000000, 77.0000000000
33.0000000000, 74.0000000000
occurrence2
6.0000000000, 77.0000000000
7.0000000000, 79.0000000000
7.0000000000, 77.0000000000
8.0000000000, 76.0000000000
8.0000000000, 77.0000000000
9.0000000000, 74.0000000000
pattern7
occurrence1
75.0000000000, 96.0000000000
76.0000000000, 98.0000000000
76.0000000000, 96.0000000000
77.0000000000, 95.0000000000
77.0000000000, 96.0000000000
pattern8
occurrence1
78.0000000000, 98.0000000000
79.0000000000, 99.0000000000
79.0000000000, 98.0000000000
80.0000000000, 97.0000000000
80.0000000000, 98.0000000000
81.0000000000, 100.0000000000
82.0000000000, 100.0000000000
83.0000000000, 100.0000000000
84.0000000000, 101.0000000000
pattern9
occurrence1
88.0000000000, 81.0000000000
89.0000000000, 81.0000000000
90.0000000000, 84.0000000000
91.0000000000, 82.0000000000
92.0000000000, 79.0000000000
92.0000000000, 77.0000000000
93.0000000000, 76.0000000000
pattern10
occurrence1
96.0000000000, 86.0000000000
97.0000000000, 84.0000000000
98.0000000000, 81.0000000000
98.0000000000, 79.0000000000
99.0000000000, 77.0000000000
100.0000000000, -1.0000000000
100.0000000000, 89.0000000000
101.0000000000, 89.0000000000
pattern11
occurrence1
102.0000000000, 93.0000000000
103.0000000000, 91.0000000000
104.0000000000, 91.0000000000
104.0000000000, 89.0000000000
105.0000000000, 89.0000000000
105.0000000000, 88.0000000000
106.0000000000, 88.0000000000
106.0000000000, 86.0000000000
107.0000000000, 84.0000000000
107.0000000000, 82.0000000000
108.0000000000, 81.0000000000
pattern12
occurrence1
125.0000000000, 87.0000000000
127.0000000000, 85.0000000000
127.0000000000, 82.0000000000
128.0000000000, 80.0000000000
128.0000000000, 79.0000000000
129.0000000000, -1.0000000000
130.0000000000, 87.0000000000
130.0000000000, 85.0000000000
130.0000000000, 84.0000000000
131.0000000000, 85.0000000000
pattern13
occurrence1
132.0000000000, 89.0000000000
133.0000000000, 87.0000000000
134.0000000000, 84.0000000000
134.0000000000, 82.0000000000
135.0000000000, 81.0000000000
136.0000000000, -1.0000000000
136.0000000000, 89.0000000000
136.0000000000, 87.0000000000
137.0000000000, 86.0000000000
137.0000000000, 87.0000000000
pattern14
occurrence1
150.0000000000, 95.0000000000
150.0000000000, 79.0000000000
150.0000000000, 81.0000000000
150.0000000000, 83.0000000000
151.0000000000, 84.0000000000
151.0000000000, 86.0000000000
151.0000000000, 88.0000000000
151.0000000000, 90.0000000000
152.0000000000, 91.0000000000
152.0000000000, 90.0000000000
152.0000000000, 91.0000000000
152.0000000000, 90.0000000000
pattern15
occurrence1
14.0000000000, 91.0000000000
16.0000000000, 82.0000000000
pattern16
occurrence1
156.0000000000, 95.0000000000
156.0000000000, 67.0000000000
156.0000000000, 69.0000000000
156.0000000000, 71.0000000000
157.0000000000, 72.0000000000
157.0000000000, 74.0000000000
157.0000000000, 76.0000000000
157.0000000000, 78.0000000000
158.0000000000, 79.0000000000
158.0000000000, 78.0000000000
158.0000000000, 79.0000000000
158.0000000000, 78.0000000000
pattern17
occurrence1
38.0000000000, 93.0000000000
40.0000000000, 91.0000000000
pattern18
occurrence1
44.0000000000, 94.0000000000
46.0000000000, 93.0000000000
