pattern1
occurrence1
8.0000000000, 84.0000000000
10.0000000000, 86.0000000000
12.0000000000, 83.0000000000
14.0000000000, 84.0000000000
15.0000000000, 85.0000000000
16.0000000000, 86.0000000000
18.0000000000, 87.0000000000
19.0000000000, 88.0000000000
20.0000000000, 91.0000000000
21.0000000000, 89.0000000000
22.0000000000, 88.0000000000
pattern2
occurrence1
56.0000000000, 96.0000000000
56.0000000000, 88.0000000000
56.0000000000, 89.0000000000
56.0000000000, 90.0000000000
57.0000000000, 91.0000000000
57.0000000000, 83.0000000000
57.0000000000, 84.0000000000
57.0000000000, 86.0000000000
58.0000000000, 88.0000000000
58.0000000000, 76.0000000000
58.0000000000, 77.0000000000
58.0000000000, 78.0000000000
59.0000000000, 79.0000000000
59.0000000000, 71.0000000000
59.0000000000, 72.0000000000
59.0000000000, 74.0000000000
60.0000000000, 76.0000000000
pattern3
occurrence1
68.0000000000, 72.0000000000
68.0000000000, 91.0000000000
69.0000000000, 90.0000000000
69.0000000000, 93.0000000000
70.0000000000, 91.0000000000
70.0000000000, 88.0000000000
71.0000000000, 89.0000000000
71.0000000000, 86.0000000000
72.0000000000, 84.0000000000
pattern4
occurrence1
104.0000000000, 86.0000000000
104.0000000000, 86.0000000000
105.0000000000, 88.0000000000
105.0000000000, 85.0000000000
