pattern1
occurrence1
24.0000000000, 77.0000000000
25.0000000000, 79.0000000000
25.0000000000, 77.0000000000
26.0000000000, 76.0000000000
26.0000000000, 77.0000000000
pattern2
occurrence1
96.0000000000, 86.0000000000
97.0000000000, 84.0000000000
98.0000000000, 81.0000000000
98.0000000000, 79.0000000000
99.0000000000, 77.0000000000
pattern3
occurrence1
150.0000000000, 79.0000000000
150.0000000000, 81.0000000000
150.0000000000, 83.0000000000
151.0000000000, 84.0000000000
151.0000000000, 86.0000000000
151.0000000000, 88.0000000000
151.0000000000, 90.0000000000
152.0000000000, 91.0000000000
152.0000000000, 90.0000000000
152.0000000000, 91.0000000000
152.0000000000, 90.0000000000
153.0000000000, 91.0000000000
