pattern1
occurrence1
0.0000000000, 89.0000000000
0.5000000000, 86.0000000000
1.0000000000, 86.0000000000
1.5000000000, 86.0000000000
pattern2
occurrence1
2.0000000000, 82.0000000000
2.5000000000, 82.0000000000
3.0000000000, 82.0000000000
pattern3
occurrence1
4.0000000000, 86.0000000000
4.5000000000, 84.0000000000
pattern4
occurrence1
1.5000000000, 86.0000000000
2.0000000000, 82.0000000000
2.5000000000, 82.0000000000
pattern5
occurrence1
0.0000000000, 89.0000000000
0.5000000000, 86.0000000000
1.0000000000, 86.0000000000
pattern6
occurrence1
3.0000000000, 82.0000000000
4.0000000000, 86.0000000000
4.5000000000, 84.0000000000
pattern7
occurrence1
0.0000000000, 89.0000000000
0.5000000000, 86.0000000000
1.0000000000, 86.0000000000
1.5000000000, 86.0000000000
2.0000000000, 82.0000000000
2.5000000000, 82.0000000000
3.0000000000, 82.0000000000
pattern8
occurrence1
4.0000000000, 86.0000000000
4.5000000000, 84.0000000000
5.5000000000, 86.0000000000
