pattern1
occurrence1
106.0000000000, 86.0000000000
106.5000000000, 86.0000000000
107.0000000000, 88.0000000000
107.5000000000, 85.0000000000
occurrence2
104.0000000000, 86.0000000000
104.5000000000, 86.0000000000
105.0000000000, 88.0000000000
105.5000000000, 85.0000000000
occurrence3
108.0000000000, 86.0000000000
108.5000000000, 86.0000000000
109.0000000000, 88.0000000000
109.5000000000, 85.0000000000
occurrence4
110.0000000000, 86.0000000000
110.5000000000, 86.0000000000
111.0000000000, 88.0000000000
111.5000000000, 85.0000000000
pattern2
occurrence1
40.0000000000, 84.0000000000
42.0000000000, 86.0000000000
44.0000000000, 83.0000000000
occurrence2
8.0000000000, 84.0000000000
10.0000000000, 86.0000000000
12.0000000000, 83.0000000000
pattern3
occurrence1
56.0000000000, 96.0000000000
56.2500000000, 88.0000000000
56.5000000000, 89.0000000000
56.7500000000, 90.0000000000
pattern4
occurrence1
57.0000000000, 91.0000000000
57.2500000000, 83.0000000000
57.5000000000, 84.0000000000
57.7500000000, 86.0000000000
pattern5
occurrence1
58.0000000000, 88.0000000000
58.2500000000, 76.0000000000
58.5000000000, 77.0000000000
58.7500000000, 78.0000000000
pattern6
occurrence1
59.0000000000, 79.0000000000
59.2500000000, 71.0000000000
59.5000000000, 72.0000000000
59.7500000000, 74.0000000000
