pattern1
occurrence1
0.0000000000, 77.0000000000
1.0000000000, 77.0000000000
1.5000000000, 79.0000000000
1.7500000000, 77.0000000000
2.0000000000, 76.0000000000
2.5000000000, 77.0000000000
3.0000000000, 72.0000000000
pattern2
occurrence1
12.0000000000, 89.0000000000
13.5000000000, 91.0000000000
13.7500000000, 89.0000000000
14.0000000000, 88.0000000000
14.5000000000, 89.0000000000
15.0000000000, 91.0000000000
17.0000000000, 82.0000000000
pattern3
occurrence1
42.0000000000, 91.0000000000
43.5000000000, 93.0000000000
43.7500000000, 91.0000000000
44.0000000000, 90.0000000000
44.5000000000, 91.0000000000
pattern4
occurrence1
94.5000000000, 82.0000000000
95.0000000000, 82.0000000000
96.0000000000, 86.0000000000
97.5000000000, 84.0000000000
98.0000000000, 81.0000000000
98.5000000000, 79.0000000000
99.0000000000, 77.0000000000
pattern5
occurrence1
148.5000000000, 95.0000000000
149.0000000000, 95.0000000000
149.5000000000, 96.0000000000
150.0000000000, 95.0000000000
150.2500000000, 79.0000000000
150.5000000000, 81.0000000000
150.7500000000, 83.0000000000
151.0000000000, 84.0000000000
151.2500000000, 86.0000000000
151.5000000000, 88.0000000000
151.7500000000, 90.0000000000
152.0000000000, 91.0000000000
152.2500000000, 90.0000000000
152.5000000000, 91.0000000000
152.7500000000, 90.0000000000
153.0000000000, 91.0000000000
pattern6
occurrence1
6.0000000000, 77.0000000000
7.5000000000, 79.0000000000
7.7500000000, 77.0000000000
8.0000000000, 76.0000000000
8.5000000000, 77.0000000000
9.0000000000, 74.0000000000
