pattern1
occurrence1
3.0000000000, 82.0000000000
4.0000000000, 86.0000000000
4.5000000000, 84.0000000000
5.5000000000, 86.0000000000
pattern2
occurrence1
45.7500000000, 82.0000000000
46.0000000000, 81.0000000000
46.2500000000, 82.0000000000
46.5000000000, 84.0000000000
46.7500000000, 86.0000000000
47.0000000000, 87.0000000000
47.2500000000, 89.0000000000
47.5000000000, 91.0000000000
47.7500000000, 93.0000000000
48.0000000000, 94.0000000000
pattern3
occurrence1
111.0000000000, 81.0000000000
111.5000000000, 79.0000000000
112.0000000000, 86.0000000000
113.0000000000, 84.0000000000
113.5000000000, 82.0000000000
114.0000000000, 82.0000000000
114.5000000000, 81.0000000000
115.0000000000, 84.0000000000
116.0000000000, 82.0000000000
116.5000000000, 81.0000000000
pattern4
occurrence1
138.0000000000, 82.0000000000
138.2500000000, 84.0000000000
138.5000000000, 82.0000000000
138.7500000000, 84.0000000000
139.0000000000, 82.0000000000
139.5000000000, -1.0000000000
140.0000000000, 82.0000000000
140.5000000000, 82.0000000000
141.0000000000, 89.0000000000
142.0000000000, 88.0000000000
