pattern1
occurrence1
8.0000000000, 82.0000000000
9.0000000000, 81.0000000000
10.0000000000, 79.0000000000
occurrence2
16.0000000000, 82.0000000000
17.0000000000, 81.0000000000
18.0000000000, 79.0000000000
occurrence3
28.0000000000, 82.0000000000
29.0000000000, 81.0000000000
30.0000000000, 79.0000000000
occurrence4
24.0000000000, 82.0000000000
25.0000000000, 81.0000000000
26.0000000000, 79.0000000000
occurrence5
0.0000000000, 82.0000000000
1.0000000000, 81.0000000000
2.0000000000, 79.0000000000
occurrence6
12.0000000000, 82.0000000000
13.0000000000, 81.0000000000
14.0000000000, 79.0000000000
pattern2
occurrence1
3.0000000000, 86.0000000000
4.0000000000, 86.0000000000
4.5000000000, 84.0000000000
5.0000000000, 82.0000000000
6.0000000000, 81.0000000000
7.0000000000, 84.0000000000
occurrence2
19.0000000000, 86.0000000000
20.0000000000, 86.0000000000
20.5000000000, 84.0000000000
21.0000000000, 82.0000000000
22.0000000000, 81.0000000000
23.0000000000, 84.0000000000
pattern3
occurrence1
36.0000000000, 77.0000000000
37.0000000000, 79.0000000000
38.0000000000, 81.0000000000
pattern4
occurrence1
39.0000000000, 77.0000000000
40.0000000000, 79.0000000000
40.5000000000, 81.0000000000
