pattern1
occurrence1
4.0000000000, 77.0000000000
4.2500000000, 82.0000000000
4.5000000000, 81.0000000000
4.7500000000, 79.0000000000
5.0000000000, 77.0000000000
occurrence2
16.0000000000, 77.0000000000
16.5000000000, 82.0000000000
17.0000000000, 81.0000000000
17.5000000000, 79.0000000000
18.0000000000, 77.0000000000
occurrence3
28.0000000000, 77.0000000000
28.2500000000, 82.0000000000
28.5000000000, 81.0000000000
28.7500000000, 79.0000000000
29.0000000000, 77.0000000000
pattern2
occurrence1
76.5000000000, 65.0000000000
77.0000000000, 72.0000000000
77.5000000000, 72.0000000000
77.7500000000, 72.0000000000
78.0000000000, 69.0000000000
occurrence2
44.7500000000, 65.0000000000
45.0000000000, 72.0000000000
45.5000000000, 72.0000000000
45.7500000000, 72.0000000000
46.0000000000, 69.0000000000
occurrence3
20.7500000000, 65.0000000000
21.0000000000, 72.0000000000
21.5000000000, 72.0000000000
21.7500000000, 72.0000000000
22.0000000000, 69.0000000000
pattern3
occurrence1
66.5000000000, 65.0000000000
67.0000000000, 72.0000000000
67.5000000000, 72.0000000000
67.7500000000, 72.0000000000
68.0000000000, 69.0000000000
pattern4
occurrence1
24.0000000000, 79.0000000000
24.5000000000, 72.0000000000
25.0000000000, 77.0000000000
25.5000000000, 65.0000000000
26.0000000000, 69.0000000000
26.5000000000, 65.0000000000
27.0000000000, 69.0000000000
27.5000000000, 72.0000000000
occurrence2
0.0000000000, 79.0000000000
0.5000000000, 72.0000000000
1.0000000000, 77.0000000000
1.5000000000, 65.0000000000
2.0000000000, 69.0000000000
2.5000000000, 65.0000000000
3.0000000000, 69.0000000000
3.5000000000, 72.0000000000
