pattern1
occurrence1
83.0000000000, 86.0000000000
83.7500000000, 85.0000000000
83.8750000000, 86.0000000000
occurrence2
91.0000000000, 86.0000000000
91.7500000000, 85.0000000000
91.8750000000, 86.0000000000
pattern2
occurrence1
77.7500000000, 95.0000000000
78.2500000000, 92.0000000000
78.5000000000, 88.0000000000
78.7500000000, 95.0000000000
79.2500000000, 92.0000000000
79.5000000000, 88.0000000000
79.7500000000, 93.0000000000
80.2500000000, 97.0000000000
80.7500000000, 88.0000000000
occurrence2
86.0000000000, 95.0000000000
86.5000000000, 92.0000000000
86.7500000000, 88.0000000000
87.0000000000, 95.0000000000
87.5000000000, 92.0000000000
87.7500000000, 88.0000000000
88.0000000000, 93.0000000000
88.5000000000, 97.0000000000
89.0000000000, 88.0000000000
pattern3
occurrence1
76.0000000000, 85.0000000000
76.7500000000, 83.0000000000
76.8750000000, 85.0000000000
pattern4
occurrence1
0.0000000000, 81.0000000000
1.0000000000, 81.0000000000
2.0000000000, -1.0000000000
2.5000000000, 81.0000000000
3.0000000000, 81.0000000000
3.5000000000, 81.0000000000
4.0000000000, 83.0000000000
4.7500000000, 81.0000000000
4.8750000000, 83.0000000000
5.0000000000, 81.0000000000
pattern5
occurrence1
8.0000000000, 81.0000000000
9.0000000000, 81.0000000000
10.0000000000, -1.0000000000
10.5000000000, 81.0000000000
11.0000000000, 81.0000000000
11.5000000000, 81.0000000000
12.0000000000, 79.0000000000
12.7500000000, 78.0000000000
12.8750000000, 79.0000000000
13.0000000000, 78.0000000000
pattern6
occurrence1
20.0000000000, 90.0000000000
20.2500000000, 93.0000000000
20.5000000000, 91.0000000000
20.7500000000, 95.0000000000
21.0000000000, 93.0000000000
occurrence2
28.0000000000, 90.0000000000
28.2500000000, 93.0000000000
28.5000000000, 91.0000000000
28.7500000000, 95.0000000000
29.0000000000, 93.0000000000
