pattern1
occurrence1
3.0000000000, 82.0000000000
4.0000000000, 86.0000000000
4.5000000000, 84.0000000000
5.5000000000, 86.0000000000
occurrence2
15.0000000000, 82.0000000000
16.0000000000, 86.0000000000
16.5000000000, 84.0000000000
17.5000000000, 86.0000000000
pattern2
occurrence1
9.0000000000, 82.0000000000
10.0000000000, 86.0000000000
10.5000000000, 84.0000000000
11.5000000000, 89.0000000000
pattern3
occurrence1
21.0000000000, 82.0000000000
22.0000000000, 86.0000000000
22.5000000000, 82.0000000000
23.5000000000, 86.0000000000
pattern4
occurrence1
123.0000000000, 84.0000000000
123.2500000000, 86.0000000000
123.5000000000, 84.0000000000
123.7500000000, 86.0000000000
124.0000000000, 84.0000000000
pattern5
occurrence1
136.5000000000, 96.0000000000
136.7500000000, 98.0000000000
137.0000000000, 96.0000000000
137.2500000000, 98.0000000000
137.5000000000, 96.0000000000
pattern6
occurrence1
138.0000000000, 82.0000000000
138.2500000000, 84.0000000000
138.5000000000, 82.0000000000
138.7500000000, 84.0000000000
139.0000000000, 82.0000000000
occurrence2
144.0000000000, 82.0000000000
144.2500000000, 84.0000000000
144.5000000000, 82.0000000000
144.7500000000, 84.0000000000
145.0000000000, 82.0000000000
pattern7
occurrence1
150.0000000000, 89.0000000000
150.2500000000, 91.0000000000
150.5000000000, 89.0000000000
150.7500000000, 91.0000000000
151.0000000000, 93.0000000000
pattern8
occurrence1
151.5000000000, 86.0000000000
151.7500000000, 88.0000000000
152.0000000000, 86.0000000000
152.2500000000, 88.0000000000
152.5000000000, 89.0000000000
pattern9
occurrence1
153.0000000000, 82.0000000000
153.2500000000, 84.0000000000
153.5000000000, 82.0000000000
153.7500000000, 84.0000000000
154.0000000000, 86.0000000000
pattern10
occurrence1
154.5000000000, 79.0000000000
154.7500000000, 81.0000000000
155.0000000000, 79.0000000000
155.2500000000, 81.0000000000
155.5000000000, 82.0000000000
pattern11
occurrence1
0.0000000000, 89.0000000000
0.5000000000, 86.0000000000
1.0000000000, 86.0000000000
1.5000000000, 86.0000000000
2.0000000000, 82.0000000000
2.5000000000, 82.0000000000
pattern12
occurrence1
12.0000000000, 89.0000000000
12.2500000000, 91.0000000000
12.5000000000, 89.0000000000
13.0000000000, 86.0000000000
13.5000000000, 86.0000000000
13.7500000000, 87.0000000000
14.0000000000, 86.0000000000
14.5000000000, 82.0000000000
pattern13
occurrence1
6.0000000000, 87.0000000000
6.7500000000, 86.0000000000
7.0000000000, 84.0000000000
7.5000000000, 79.0000000000
8.0000000000, 82.0000000000
8.5000000000, 81.0000000000
occurrence2
18.0000000000, 87.0000000000
18.7500000000, 86.0000000000
19.0000000000, 84.0000000000
19.5000000000, 79.0000000000
20.0000000000, 82.0000000000
20.5000000000, 81.0000000000
pattern14
occurrence1
42.7500000000, 82.0000000000
43.0000000000, 81.0000000000
43.2500000000, 82.0000000000
43.5000000000, 84.0000000000
43.7500000000, 86.0000000000
44.0000000000, 87.0000000000
44.2500000000, 89.0000000000
44.5000000000, 91.0000000000
44.7500000000, 93.0000000000
45.0000000000, 94.0000000000
occurrence2
45.7500000000, 82.0000000000
46.0000000000, 81.0000000000
46.2500000000, 82.0000000000
46.5000000000, 84.0000000000
46.7500000000, 86.0000000000
47.0000000000, 87.0000000000
47.2500000000, 89.0000000000
47.5000000000, 91.0000000000
47.7500000000, 93.0000000000
48.0000000000, 94.0000000000
occurrence3
48.7500000000, 82.0000000000
49.0000000000, 81.0000000000
49.2500000000, 82.0000000000
49.5000000000, 84.0000000000
49.7500000000, 86.0000000000
50.0000000000, 87.0000000000
50.2500000000, 89.0000000000
50.5000000000, 91.0000000000
50.7500000000, 93.0000000000
51.0000000000, 94.0000000000
pattern15
occurrence1
111.0000000000, 81.0000000000
111.5000000000, 79.0000000000
112.0000000000, 86.0000000000
113.0000000000, 84.0000000000
113.5000000000, 82.0000000000
occurrence2
117.0000000000, 81.0000000000
117.5000000000, 79.0000000000
118.0000000000, 86.0000000000
119.0000000000, 84.0000000000
119.5000000000, 82.0000000000
pattern16
occurrence1
114.0000000000, 82.0000000000
114.5000000000, 81.0000000000
115.0000000000, 84.0000000000
116.0000000000, 82.0000000000
116.5000000000, 81.0000000000
pattern17
occurrence1
120.0000000000, 82.0000000000
120.5000000000, 81.0000000000
121.0000000000, 84.0000000000
122.0000000000, 81.0000000000
122.5000000000, 77.0000000000
