pattern1
occurrence1
44.0000000000, 65.0000000000
45.0000000000, 72.0000000000
45.0000000000, 72.0000000000
45.0000000000, 72.0000000000
46.0000000000, 69.0000000000
pattern2
occurrence1
8.0000000000, 77.0000000000
8.0000000000, 79.0000000000
8.0000000000, 81.0000000000
9.0000000000, 82.0000000000
9.0000000000, 84.0000000000
9.0000000000, 82.0000000000
10.0000000000, 81.0000000000
pattern3
occurrence1
4.0000000000, 77.0000000000
4.0000000000, 82.0000000000
4.0000000000, 81.0000000000
4.0000000000, 79.0000000000
5.0000000000, 77.0000000000
