pattern1
occurrence1
42.0000000000, 82.0000000000
43.0000000000, 81.0000000000
43.0000000000, 82.0000000000
43.0000000000, 84.0000000000
43.0000000000, 86.0000000000
44.0000000000, 87.0000000000
44.0000000000, 89.0000000000
44.0000000000, 91.0000000000
44.0000000000, 93.0000000000
45.0000000000, 94.0000000000
pattern2
occurrence1
90.0000000000, 88.0000000000
90.0000000000, 90.0000000000
91.0000000000, 91.0000000000
91.0000000000, 93.0000000000
91.0000000000, 94.0000000000
91.0000000000, 93.0000000000
92.0000000000, 91.0000000000
92.0000000000, 89.0000000000
92.0000000000, 88.0000000000
92.0000000000, 86.0000000000
93.0000000000, 86.0000000000
pattern3
occurrence1
150.0000000000, 89.0000000000
150.0000000000, 91.0000000000
150.0000000000, 89.0000000000
150.0000000000, 91.0000000000
151.0000000000, 93.0000000000
pattern4
occurrence1
3.0000000000, 82.0000000000
4.0000000000, 86.0000000000
4.0000000000, 84.0000000000
