pattern1
occurrence1
13.0000000000 86.0000000000
14.0000000000 90.0000000000
14.0000000000 93.0000000000
15.0000000000 98.0000000000
15.0000000000 98.0000000000
16.0000000000 97.0000000000
16.0000000000 95.0000000000
17.0000000000 93.0000000000
17.0000000000 93.0000000000
18.0000000000 91.0000000000
18.0000000000 90.0000000000
19.0000000000 88.0000000000
19.0000000000 90.0000000000
20.0000000000 93.0000000000
20.0000000000 91.0000000000
20.0000000000 95.0000000000
20.0000000000 93.0000000000
