pattern1
occurrence1
8.0000000000 81.0000000000
9.0000000000 81.0000000000
occurrence2
0.0000000000 81.0000000000
1.0000000000 81.0000000000
pattern2
occurrence1
10.0000000000 81.0000000000
11.0000000000 81.0000000000
11.0000000000 81.0000000000
pattern3
occurrence1
13.0000000000 86.0000000000
14.0000000000 90.0000000000
14.0000000000 93.0000000000
15.0000000000 98.0000000000
pattern4
occurrence1
12.0000000000 79.0000000000
12.0000000000 78.0000000000
12.0000000000 79.0000000000
13.0000000000 78.0000000000
pattern5
occurrence1
2.0000000000 81.0000000000
3.0000000000 81.0000000000
3.0000000000 81.0000000000
4.0000000000 83.0000000000
4.0000000000 81.0000000000
4.0000000000 83.0000000000
5.0000000000 81.0000000000
pattern6
occurrence1
6.0000000000 81.0000000000
6.0000000000 83.0000000000
6.0000000000 85.0000000000
6.0000000000 86.0000000000
7.0000000000 88.0000000000
7.0000000000 90.0000000000
7.0000000000 91.0000000000
