pattern1
occurrence1
77.0000000000 95.0000000000
78.0000000000 92.0000000000
78.0000000000 88.0000000000
78.0000000000 95.0000000000
79.0000000000 92.0000000000
79.0000000000 88.0000000000
79.0000000000 93.0000000000
80.0000000000 97.0000000000
80.0000000000 88.0000000000
pattern2
occurrence1
2.0000000000 81.0000000000
3.0000000000 81.0000000000
3.0000000000 81.0000000000
4.0000000000 83.0000000000
4.0000000000 81.0000000000
4.0000000000 83.0000000000
5.0000000000 81.0000000000
pattern3
occurrence1
52.0000000000 93.0000000000
52.0000000000 92.0000000000
53.0000000000 92.0000000000
55.0000000000 90.0000000000
