pattern1
occurrence1
32.0000000000 77.0000000000
32.0000000000 79.0000000000
32.0000000000 81.0000000000
33.0000000000 82.0000000000
33.0000000000 84.0000000000
33.0000000000 82.0000000000
pattern2
occurrence1
67.0000000000 72.0000000000
67.0000000000 72.0000000000
67.0000000000 72.0000000000
68.0000000000 69.0000000000
pattern3
occurrence1
48.0000000000 79.0000000000
48.0000000000 72.0000000000
48.0000000000 72.0000000000
49.0000000000 72.0000000000
49.0000000000 72.0000000000
49.0000000000 72.0000000000
49.0000000000 72.0000000000
50.0000000000 77.0000000000
