pattern1
occurrence1
0.0000000000 77.0000000000
1.0000000000 77.0000000000
1.0000000000 79.0000000000
1.0000000000 77.0000000000
2.0000000000 76.0000000000
2.0000000000 77.0000000000
pattern2
occurrence1
88.0000000000 81.0000000000
89.0000000000 81.0000000000
90.0000000000 84.0000000000
91.0000000000 82.0000000000
92.0000000000 79.0000000000
92.0000000000 77.0000000000
93.0000000000 76.0000000000
pattern3
occurrence1
6.0000000000 77.0000000000
7.0000000000 79.0000000000
7.0000000000 77.0000000000
8.0000000000 76.0000000000
8.0000000000 77.0000000000
occurrence2
24.0000000000 77.0000000000
25.0000000000 79.0000000000
25.0000000000 77.0000000000
26.0000000000 76.0000000000
26.0000000000 77.0000000000
occurrence3
30.0000000000 77.0000000000
31.0000000000 79.0000000000
31.0000000000 77.0000000000
32.0000000000 76.0000000000
32.0000000000 77.0000000000
pattern4
occurrence1
12.0000000000 89.0000000000
13.0000000000 91.0000000000
13.0000000000 89.0000000000
14.0000000000 88.0000000000
14.0000000000 89.0000000000
occurrence2
36.0000000000 89.0000000000
37.0000000000 91.0000000000
37.0000000000 89.0000000000
38.0000000000 88.0000000000
38.0000000000 89.0000000000
occurrence3
63.0000000000 89.0000000000
64.0000000000 91.0000000000
64.0000000000 89.0000000000
65.0000000000 88.0000000000
65.0000000000 89.0000000000
pattern5
occurrence1
42.0000000000 91.0000000000
43.0000000000 93.0000000000
43.0000000000 91.0000000000
44.0000000000 90.0000000000
44.0000000000 91.0000000000
occurrence2
69.0000000000 91.0000000000
70.0000000000 93.0000000000
70.0000000000 91.0000000000
71.0000000000 90.0000000000
71.0000000000 91.0000000000
pattern6
occurrence1
75.0000000000 96.0000000000
76.0000000000 98.0000000000
76.0000000000 96.0000000000
77.0000000000 95.0000000000
77.0000000000 96.0000000000
pattern7
occurrence1
48.0000000000 93.0000000000
49.0000000000 94.0000000000
49.0000000000 93.0000000000
50.0000000000 91.0000000000
50.0000000000 93.0000000000
pattern8
occurrence1
78.0000000000 98.0000000000
79.0000000000 99.0000000000
79.0000000000 98.0000000000
80.0000000000 97.0000000000
80.0000000000 98.0000000000
pattern9
occurrence1
123.0000000000 84.0000000000
124.0000000000 85.0000000000
124.0000000000 84.0000000000
125.0000000000 82.0000000000
125.0000000000 84.0000000000
pattern10
occurrence1
126.0000000000 87.0000000000
127.0000000000 85.0000000000
128.0000000000 82.0000000000
128.0000000000 80.0000000000
129.0000000000 79.0000000000
pattern11
occurrence1
132.0000000000 89.0000000000
133.0000000000 87.0000000000
134.0000000000 84.0000000000
134.0000000000 82.0000000000
135.0000000000 81.0000000000
pattern12
occurrence1
94.0000000000 82.0000000000
95.0000000000 82.0000000000
96.0000000000 86.0000000000
97.0000000000 84.0000000000
98.0000000000 81.0000000000
98.0000000000 79.0000000000
99.0000000000 77.0000000000
pattern13
occurrence1
100.0000000000 89.0000000000
101.0000000000 89.0000000000
102.0000000000 93.0000000000
103.0000000000 91.0000000000
104.0000000000 91.0000000000
104.0000000000 89.0000000000
105.0000000000 89.0000000000
105.0000000000 88.0000000000
