pattern1
occurrence1
0.0000000000 89.0000000000
0.0000000000 86.0000000000
1.0000000000 86.0000000000
1.0000000000 86.0000000000
2.0000000000 82.0000000000
2.0000000000 82.0000000000
pattern2
occurrence1
12.0000000000 89.0000000000
12.0000000000 91.0000000000
12.0000000000 89.0000000000
13.0000000000 86.0000000000
13.0000000000 86.0000000000
13.0000000000 87.0000000000
14.0000000000 86.0000000000
14.0000000000 82.0000000000
pattern3
occurrence1
136.0000000000 96.0000000000
136.0000000000 98.0000000000
137.0000000000 96.0000000000
137.0000000000 98.0000000000
137.0000000000 96.0000000000
pattern4
occurrence1
138.0000000000 82.0000000000
138.0000000000 84.0000000000
138.0000000000 82.0000000000
138.0000000000 84.0000000000
139.0000000000 82.0000000000
occurrence2
144.0000000000 82.0000000000
144.0000000000 84.0000000000
144.0000000000 82.0000000000
144.0000000000 84.0000000000
145.0000000000 82.0000000000
pattern5
occurrence1
123.0000000000 84.0000000000
123.0000000000 86.0000000000
123.0000000000 84.0000000000
123.0000000000 86.0000000000
124.0000000000 84.0000000000
pattern6
occurrence1
150.0000000000 89.0000000000
150.0000000000 91.0000000000
150.0000000000 89.0000000000
150.0000000000 91.0000000000
151.0000000000 93.0000000000
pattern7
occurrence1
151.0000000000 86.0000000000
151.0000000000 88.0000000000
152.0000000000 86.0000000000
152.0000000000 88.0000000000
152.0000000000 89.0000000000
pattern8
occurrence1
153.0000000000 82.0000000000
153.0000000000 84.0000000000
153.0000000000 82.0000000000
153.0000000000 84.0000000000
154.0000000000 86.0000000000
pattern9
occurrence1
154.0000000000 79.0000000000
154.0000000000 81.0000000000
155.0000000000 79.0000000000
155.0000000000 81.0000000000
155.0000000000 82.0000000000
pattern10
occurrence1
156.0000000000 81.0000000000
156.0000000000 86.0000000000
157.0000000000 84.0000000000
157.0000000000 82.0000000000
158.0000000000 81.0000000000
158.0000000000 79.0000000000
159.0000000000 77.0000000000
pattern11
occurrence1
102.0000000000 81.0000000000
102.0000000000 79.0000000000
103.0000000000 86.0000000000
103.0000000000 94.0000000000
104.0000000000 93.0000000000
104.0000000000 91.0000000000
105.0000000000 89.0000000000
