pattern1
occurrence1
68.50000, 79.00000
69.00000, 78.00000
69.50000, 81.00000
70.00000, 79.00000
occurrence2
80.50000, 86.00000
81.00000, 85.00000
81.50000, 88.00000
82.00000, 86.00000
occurrence3
92.50000, 88.00000
93.00000, 86.00000
93.50000, 89.00000
94.00000, 88.00000
occurrence4
94.50000, 84.00000
95.00000, 83.00000
95.50000, 86.00000
96.00000, 84.00000
occurrence5
96.50000, 81.00000
97.00000, 80.00000
97.50000, 83.00000
98.00000, 81.00000
occurrence6
98.50000, 79.00000
99.00000, 78.00000
99.50000, 81.00000
100.00000, 79.00000
occurrence7
112.50000, 72.00000
113.00000, 71.00000
113.50000, 74.00000
114.00000, 72.00000
pattern2
occurrence1
21.00000, 77.00000
21.12500, 79.00000
21.25000, 77.00000
21.37500, 79.00000
21.50000, 77.00000
21.62500, 79.00000
21.75000, 77.00000
21.87500, 79.00000
22.00000, 76.00000
occurrence2
37.00000, 65.00000
37.12500, 67.00000
37.25000, 65.00000
37.37500, 67.00000
37.50000, 65.00000
37.62500, 67.00000
37.75000, 65.00000
37.87500, 67.00000
38.00000, 64.00000
occurrence3
67.00000, 62.00000
67.12500, 64.00000
67.25000, 62.00000
67.37500, 64.00000
67.50000, 62.00000
67.62500, 64.00000
67.75000, 62.00000
67.87500, 64.00000
68.00000, 60.00000
pattern3
occurrence1
69.00000, 78.00000
69.50000, 81.00000
70.00000, 79.00000
70.50000, 76.00000
71.00000, 77.00000
occurrence2
81.00000, 85.00000
81.50000, 88.00000
82.00000, 86.00000
82.50000, 83.00000
83.00000, 84.00000
occurrence3
104.00000, 74.00000
104.50000, 74.00000
105.00000, 76.00000
105.50000, 73.00000
106.00000, 74.00000
occurrence4
106.00000, 74.00000
106.50000, 74.00000
107.00000, 76.00000
107.50000, 73.00000
108.00000, 74.00000
occurrence5
108.00000, 74.00000
108.50000, 74.00000
109.00000, 76.00000
109.50000, 73.00000
110.00000, 74.00000
occurrence6
110.00000, 74.00000
110.50000, 74.00000
111.00000, 76.00000
111.50000, 73.00000
112.00000, 74.00000
pattern4
occurrence1
24.75000, 86.00000
25.00000, 84.00000
25.25000, 83.00000
25.50000, 81.00000
25.75000, 79.00000
26.00000, 77.00000
26.25000, 76.00000
26.50000, 74.00000
26.75000, 72.00000
27.00000, 71.00000
27.25000, 69.00000
27.50000, 67.00000
27.75000, 65.00000
28.00000, 64.00000
30.00000, 62.00000
31.00000, 69.00000
32.00000, 60.00000
34.00000, 59.00000
34.50000, 60.00000
35.00000, 62.00000
35.50000, 64.00000
36.00000, 67.00000
37.00000, 65.00000
37.12500, 67.00000
37.25000, 65.00000
37.37500, 67.00000
37.50000, 65.00000
37.62500, 67.00000
37.75000, 65.00000
37.87500, 67.00000
38.00000, 64.00000
40.00000, 72.00000
42.00000, 74.00000
44.00000, 71.00000
46.00000, 72.00000
47.00000, 76.00000
48.00000, 77.00000
50.00000, 78.00000
51.00000, 79.00000
52.00000, 81.00000
53.00000, 83.00000
53.17188, 81.00000
53.32813, 80.00000
53.50000, 81.00000
53.75000, 83.00000
occurrence2
37.00000, 65.00000
37.12500, 67.00000
37.25000, 65.00000
37.37500, 67.00000
37.50000, 65.00000
37.62500, 67.00000
37.75000, 65.00000
37.87500, 67.00000
38.00000, 64.00000
40.00000, 72.00000
42.00000, 74.00000
44.00000, 71.00000
46.00000, 72.00000
47.00000, 76.00000
48.00000, 77.00000
50.00000, 78.00000
51.00000, 79.00000
52.00000, 81.00000
53.00000, 83.00000
53.17188, 81.00000
53.32813, 80.00000
53.50000, 81.00000
53.75000, 83.00000
54.00000, 84.00000
55.50000, 84.00000
56.00000, 84.00000
56.25000, 76.00000
56.50000, 77.00000
56.75000, 78.00000
57.00000, 79.00000
57.25000, 71.00000
57.50000, 72.00000
57.75000, 74.00000
58.00000, 76.00000
58.25000, 64.00000
58.50000, 65.00000
58.75000, 66.00000
59.00000, 67.00000
59.25000, 59.00000
59.50000, 60.00000
59.75000, 62.00000
60.00000, 64.00000
62.00000, 65.00000
63.00000, 69.00000
64.00000, 60.00000
64.00000, 62.00000
64.12500, 64.00000
64.25000, 62.00000
64.37500, 64.00000
64.50000, 62.00000
64.62500, 64.00000
64.75000, 62.00000
64.87500, 64.00000
65.00000, 62.00000
65.12500, 64.00000
65.25000, 62.00000
65.37500, 64.00000
65.50000, 62.00000
65.62500, 64.00000
65.75000, 62.00000
65.87500, 64.00000
66.00000, 62.00000
occurrence3
37.12500, 67.00000
37.25000, 65.00000
37.37500, 67.00000
37.50000, 65.00000
37.62500, 67.00000
37.75000, 65.00000
37.87500, 67.00000
38.00000, 64.00000
40.00000, 72.00000
42.00000, 74.00000
44.00000, 71.00000
46.00000, 72.00000
47.00000, 76.00000
48.00000, 77.00000
50.00000, 78.00000
51.00000, 79.00000
52.00000, 81.00000
53.00000, 83.00000
53.17188, 81.00000
53.32813, 80.00000
53.50000, 81.00000
53.75000, 83.00000
54.00000, 84.00000
55.50000, 84.00000
56.00000, 84.00000
56.25000, 76.00000
56.50000, 77.00000
56.75000, 78.00000
57.00000, 79.00000
57.25000, 71.00000
57.50000, 72.00000
57.75000, 74.00000
58.00000, 76.00000
58.25000, 64.00000
58.50000, 65.00000
58.75000, 66.00000
59.00000, 67.00000
59.25000, 59.00000
59.50000, 60.00000
59.75000, 62.00000
60.00000, 64.00000
62.00000, 65.00000
63.00000, 69.00000
64.00000, 60.00000
64.00000, 62.00000
64.12500, 64.00000
64.25000, 62.00000
64.37500, 64.00000
64.50000, 62.00000
64.62500, 64.00000
64.75000, 62.00000
64.87500, 64.00000
65.00000, 62.00000
65.12500, 64.00000
65.25000, 62.00000
65.37500, 64.00000
65.50000, 62.00000
65.62500, 64.00000
65.75000, 62.00000
65.87500, 64.00000
66.00000, 62.00000
66.12500, 64.00000
occurrence4
37.25000, 65.00000
37.37500, 67.00000
37.50000, 65.00000
37.62500, 67.00000
37.75000, 65.00000
37.87500, 67.00000
38.00000, 64.00000
40.00000, 72.00000
42.00000, 74.00000
44.00000, 71.00000
46.00000, 72.00000
47.00000, 76.00000
48.00000, 77.00000
50.00000, 78.00000
51.00000, 79.00000
52.00000, 81.00000
53.00000, 83.00000
53.17188, 81.00000
53.32813, 80.00000
53.50000, 81.00000
53.75000, 83.00000
54.00000, 84.00000
55.50000, 84.00000
56.00000, 84.00000
56.25000, 76.00000
56.50000, 77.00000
56.75000, 78.00000
57.00000, 79.00000
57.25000, 71.00000
57.50000, 72.00000
57.75000, 74.00000
58.00000, 76.00000
58.25000, 64.00000
58.50000, 65.00000
58.75000, 66.00000
59.00000, 67.00000
59.25000, 59.00000
59.50000, 60.00000
59.75000, 62.00000
60.00000, 64.00000
62.00000, 65.00000
63.00000, 69.00000
64.00000, 60.00000
64.00000, 62.00000
64.12500, 64.00000
64.25000, 62.00000
64.37500, 64.00000
64.50000, 62.00000
64.62500, 64.00000
64.75000, 62.00000
64.87500, 64.00000
65.00000, 62.00000
65.12500, 64.00000
65.25000, 62.00000
65.37500, 64.00000
65.50000, 62.00000
65.62500, 64.00000
65.75000, 62.00000
65.87500, 64.00000
66.00000, 62.00000
66.12500, 64.00000
66.25000, 62.00000
occurrence5
37.37500, 67.00000
37.50000, 65.00000
37.62500, 67.00000
37.75000, 65.00000
37.87500, 67.00000
38.00000, 64.00000
40.00000, 72.00000
42.00000, 74.00000
44.00000, 71.00000
46.00000, 72.00000
47.00000, 76.00000
48.00000, 77.00000
50.00000, 78.00000
51.00000, 79.00000
52.00000, 81.00000
53.00000, 83.00000
53.17188, 81.00000
53.32813, 80.00000
53.50000, 81.00000
53.75000, 83.00000
54.00000, 84.00000
55.50000, 84.00000
56.00000, 84.00000
56.25000, 76.00000
56.50000, 77.00000
56.75000, 78.00000
57.00000, 79.00000
57.25000, 71.00000
57.50000, 72.00000
57.75000, 74.00000
58.00000, 76.00000
58.25000, 64.00000
58.50000, 65.00000
58.75000, 66.00000
59.00000, 67.00000
59.25000, 59.00000
59.50000, 60.00000
59.75000, 62.00000
60.00000, 64.00000
62.00000, 65.00000
63.00000, 69.00000
64.00000, 60.00000
64.00000, 62.00000
64.12500, 64.00000
64.25000, 62.00000
64.37500, 64.00000
64.50000, 62.00000
64.62500, 64.00000
64.75000, 62.00000
64.87500, 64.00000
65.00000, 62.00000
65.12500, 64.00000
65.25000, 62.00000
65.37500, 64.00000
65.50000, 62.00000
65.62500, 64.00000
65.75000, 62.00000
65.87500, 64.00000
66.00000, 62.00000
66.12500, 64.00000
66.25000, 62.00000
66.37500, 64.00000
occurrence6
37.50000, 65.00000
37.62500, 67.00000
37.75000, 65.00000
37.87500, 67.00000
38.00000, 64.00000
40.00000, 72.00000
42.00000, 74.00000
44.00000, 71.00000
46.00000, 72.00000
47.00000, 76.00000
48.00000, 77.00000
50.00000, 78.00000
51.00000, 79.00000
52.00000, 81.00000
53.00000, 83.00000
53.17188, 81.00000
53.32813, 80.00000
53.50000, 81.00000
53.75000, 83.00000
54.00000, 84.00000
55.50000, 84.00000
56.00000, 84.00000
56.25000, 76.00000
56.50000, 77.00000
56.75000, 78.00000
57.00000, 79.00000
57.25000, 71.00000
57.50000, 72.00000
57.75000, 74.00000
58.00000, 76.00000
58.25000, 64.00000
58.50000, 65.00000
58.75000, 66.00000
59.00000, 67.00000
59.25000, 59.00000
59.50000, 60.00000
59.75000, 62.00000
60.00000, 64.00000
62.00000, 65.00000
63.00000, 69.00000
64.00000, 60.00000
64.00000, 62.00000
64.12500, 64.00000
64.25000, 62.00000
64.37500, 64.00000
64.50000, 62.00000
64.62500, 64.00000
64.75000, 62.00000
64.87500, 64.00000
65.00000, 62.00000
65.12500, 64.00000
65.25000, 62.00000
65.37500, 64.00000
65.50000, 62.00000
65.62500, 64.00000
65.75000, 62.00000
65.87500, 64.00000
66.00000, 62.00000
66.12500, 64.00000
66.25000, 62.00000
66.37500, 64.00000
66.50000, 62.00000
occurrence7
37.62500, 67.00000
37.75000, 65.00000
37.87500, 67.00000
38.00000, 64.00000
40.00000, 72.00000
42.00000, 74.00000
44.00000, 71.00000
46.00000, 72.00000
47.00000, 76.00000
48.00000, 77.00000
50.00000, 78.00000
51.00000, 79.00000
52.00000, 81.00000
53.00000, 83.00000
53.17188, 81.00000
53.32813, 80.00000
53.50000, 81.00000
53.75000, 83.00000
54.00000, 84.00000
55.50000, 84.00000
56.00000, 84.00000
56.25000, 76.00000
56.50000, 77.00000
56.75000, 78.00000
57.00000, 79.00000
57.25000, 71.00000
57.50000, 72.00000
57.75000, 74.00000
58.00000, 76.00000
58.25000, 64.00000
58.50000, 65.00000
58.75000, 66.00000
59.00000, 67.00000
59.25000, 59.00000
59.50000, 60.00000
59.75000, 62.00000
60.00000, 64.00000
62.00000, 65.00000
63.00000, 69.00000
64.00000, 60.00000
64.00000, 62.00000
64.12500, 64.00000
64.25000, 62.00000
64.37500, 64.00000
64.50000, 62.00000
64.62500, 64.00000
64.75000, 62.00000
64.87500, 64.00000
65.00000, 62.00000
65.12500, 64.00000
65.25000, 62.00000
65.37500, 64.00000
65.50000, 62.00000
65.62500, 64.00000
65.75000, 62.00000
65.87500, 64.00000
66.00000, 62.00000
66.12500, 64.00000
66.25000, 62.00000
66.37500, 64.00000
66.50000, 62.00000
66.62500, 64.00000
occurrence8
37.75000, 65.00000
37.87500, 67.00000
38.00000, 64.00000
40.00000, 72.00000
42.00000, 74.00000
44.00000, 71.00000
46.00000, 72.00000
47.00000, 76.00000
48.00000, 77.00000
50.00000, 78.00000
51.00000, 79.00000
52.00000, 81.00000
53.00000, 83.00000
53.17188, 81.00000
53.32813, 80.00000
53.50000, 81.00000
53.75000, 83.00000
54.00000, 84.00000
55.50000, 84.00000
56.00000, 84.00000
56.25000, 76.00000
56.50000, 77.00000
56.75000, 78.00000
57.00000, 79.00000
57.25000, 71.00000
57.50000, 72.00000
57.75000, 74.00000
58.00000, 76.00000
58.25000, 64.00000
58.50000, 65.00000
58.75000, 66.00000
59.00000, 67.00000
59.25000, 59.00000
59.50000, 60.00000
59.75000, 62.00000
60.00000, 64.00000
62.00000, 65.00000
63.00000, 69.00000
64.00000, 60.00000
64.00000, 62.00000
64.12500, 64.00000
64.25000, 62.00000
64.37500, 64.00000
64.50000, 62.00000
64.62500, 64.00000
64.75000, 62.00000
64.87500, 64.00000
65.00000, 62.00000
65.12500, 64.00000
65.25000, 62.00000
65.37500, 64.00000
65.50000, 62.00000
65.62500, 64.00000
65.75000, 62.00000
65.87500, 64.00000
66.00000, 62.00000
66.12500, 64.00000
66.25000, 62.00000
66.37500, 64.00000
66.50000, 62.00000
66.62500, 64.00000
66.75000, 62.00000
occurrence9
37.87500, 67.00000
38.00000, 64.00000
40.00000, 72.00000
42.00000, 74.00000
44.00000, 71.00000
46.00000, 72.00000
47.00000, 76.00000
48.00000, 77.00000
50.00000, 78.00000
51.00000, 79.00000
52.00000, 81.00000
53.00000, 83.00000
53.17188, 81.00000
53.32813, 80.00000
53.50000, 81.00000
53.75000, 83.00000
54.00000, 84.00000
55.50000, 84.00000
56.00000, 84.00000
56.25000, 76.00000
56.50000, 77.00000
56.75000, 78.00000
57.00000, 79.00000
57.25000, 71.00000
57.50000, 72.00000
57.75000, 74.00000
58.00000, 76.00000
58.25000, 64.00000
58.50000, 65.00000
58.75000, 66.00000
59.00000, 67.00000
59.25000, 59.00000
59.50000, 60.00000
59.75000, 62.00000
60.00000, 64.00000
62.00000, 65.00000
63.00000, 69.00000
64.00000, 60.00000
64.00000, 62.00000
64.12500, 64.00000
64.25000, 62.00000
64.37500, 64.00000
64.50000, 62.00000
64.62500, 64.00000
64.75000, 62.00000
64.87500, 64.00000
65.00000, 62.00000
65.12500, 64.00000
65.25000, 62.00000
65.37500, 64.00000
65.50000, 62.00000
65.62500, 64.00000
65.75000, 62.00000
65.87500, 64.00000
66.00000, 62.00000
66.12500, 64.00000
66.25000, 62.00000
66.37500, 64.00000
66.50000, 62.00000
66.62500, 64.00000
66.75000, 62.00000
66.87500, 64.00000
pattern5
occurrence1
53.00000, 83.00000
53.17188, 81.00000
53.32813, 80.00000
53.50000, 81.00000
53.75000, 83.00000
54.00000, 84.00000
55.50000, 84.00000
56.00000, 84.00000
occurrence2
64.00000, 60.00000
64.00000, 62.00000
64.12500, 64.00000
64.25000, 62.00000
64.37500, 64.00000
64.50000, 62.00000
64.62500, 64.00000
64.75000, 62.00000
64.87500, 64.00000
65.00000, 62.00000
65.12500, 64.00000
65.25000, 62.00000
65.37500, 64.00000
65.50000, 62.00000
65.62500, 64.00000
65.75000, 62.00000
65.87500, 64.00000
66.00000, 62.00000
66.12500, 64.00000
66.25000, 62.00000
66.37500, 64.00000
66.50000, 62.00000
66.62500, 64.00000
66.75000, 62.00000
66.87500, 64.00000
67.00000, 62.00000
occurrence3
103.50000, 73.00000
104.00000, 74.00000
104.50000, 74.00000
105.00000, 76.00000
105.50000, 73.00000
106.00000, 74.00000
106.50000, 74.00000
occurrence4
105.50000, 73.00000
106.00000, 74.00000
106.50000, 74.00000
107.00000, 76.00000
107.50000, 73.00000
108.00000, 74.00000
108.50000, 74.00000
occurrence5
107.50000, 73.00000
108.00000, 74.00000
108.50000, 74.00000
109.00000, 76.00000
109.50000, 73.00000
110.00000, 74.00000
110.50000, 74.00000
pattern6
occurrence1
56.25000, 76.00000
56.50000, 77.00000
56.75000, 78.00000
57.00000, 79.00000
57.25000, 71.00000
57.50000, 72.00000
57.75000, 74.00000
occurrence2
56.50000, 77.00000
56.75000, 78.00000
57.00000, 79.00000
57.25000, 71.00000
57.50000, 72.00000
57.75000, 74.00000
58.00000, 76.00000
occurrence3
58.25000, 64.00000
58.50000, 65.00000
58.75000, 66.00000
59.00000, 67.00000
59.25000, 59.00000
59.50000, 60.00000
59.75000, 62.00000
occurrence4
58.50000, 65.00000
58.75000, 66.00000
59.00000, 67.00000
59.25000, 59.00000
59.50000, 60.00000
59.75000, 62.00000
60.00000, 64.00000
pattern7
occurrence1
0.00000, 62.00000
0.00000, 71.00000
4.00000, 55.00000
4.00000, 64.00000
4.00000, 72.00000
8.00000, 72.00000
10.00000, 74.00000
12.00000, 71.00000
14.00000, 72.00000
15.00000, 73.00000
16.00000, 74.00000
18.00000, 75.00000
19.00000, 76.00000
20.00000, 79.00000
21.00000, 77.00000
21.12500, 79.00000
21.25000, 77.00000
21.37500, 79.00000
21.50000, 77.00000
21.62500, 79.00000
21.75000, 77.00000
21.87500, 79.00000
22.00000, 76.00000
22.25000, 77.00000
22.50000, 76.00000
23.50000, 79.00000
24.00000, 84.00000
24.50000, 88.00000
24.75000, 86.00000
25.00000, 84.00000
25.25000, 83.00000
25.50000, 81.00000
25.75000, 79.00000
26.00000, 77.00000
26.25000, 76.00000
26.50000, 74.00000
26.75000, 72.00000
27.00000, 71.00000
27.25000, 69.00000
27.50000, 67.00000
27.75000, 65.00000
28.00000, 64.00000
30.00000, 62.00000
31.00000, 69.00000
32.00000, 60.00000
34.00000, 59.00000
34.50000, 60.00000
35.00000, 62.00000
35.50000, 64.00000
occurrence2
71.50000, 74.00000
72.00000, 72.00000
75.00000, 71.00000
75.50000, 74.00000
76.00000, 77.00000
80.50000, 86.00000
81.00000, 85.00000
81.50000, 88.00000
82.00000, 86.00000
82.50000, 83.00000
83.00000, 84.00000
83.50000, 81.00000
84.00000, 79.00000
92.50000, 88.00000
93.00000, 86.00000
93.50000, 89.00000
94.00000, 88.00000
94.50000, 84.00000
95.00000, 83.00000
95.50000, 86.00000
96.00000, 84.00000
96.50000, 81.00000
97.00000, 80.00000
97.50000, 83.00000
98.00000, 81.00000
98.50000, 79.00000
99.00000, 78.00000
99.50000, 81.00000
100.00000, 79.00000
100.50000, 78.00000
101.00000, 76.00000
101.50000, 74.00000
102.00000, 73.00000
102.50000, 79.00000
103.00000, 76.00000
103.50000, 73.00000
104.00000, 74.00000
104.50000, 74.00000
105.00000, 76.00000
105.50000, 73.00000
106.00000, 74.00000
106.50000, 74.00000
107.00000, 76.00000
occurrence3
75.50000, 74.00000
76.00000, 77.00000
80.50000, 86.00000
81.00000, 85.00000
81.50000, 88.00000
82.00000, 86.00000
82.50000, 83.00000
83.00000, 84.00000
83.50000, 81.00000
84.00000, 79.00000
92.50000, 88.00000
93.00000, 86.00000
93.50000, 89.00000
94.00000, 88.00000
94.50000, 84.00000
95.00000, 83.00000
95.50000, 86.00000
96.00000, 84.00000
96.50000, 81.00000
97.00000, 80.00000
97.50000, 83.00000
98.00000, 81.00000
98.50000, 79.00000
99.00000, 78.00000
99.50000, 81.00000
100.00000, 79.00000
100.50000, 78.00000
101.00000, 76.00000
101.50000, 74.00000
102.00000, 73.00000
102.50000, 79.00000
103.00000, 76.00000
103.50000, 73.00000
104.00000, 74.00000
104.50000, 74.00000
105.00000, 76.00000
105.50000, 73.00000
106.00000, 74.00000
106.50000, 74.00000
107.00000, 76.00000
107.50000, 73.00000
108.00000, 74.00000
108.50000, 74.00000
109.00000, 76.00000
109.50000, 73.00000
110.00000, 74.00000
110.50000, 74.00000
111.00000, 76.00000
pattern8
occurrence1
4.00000, 55.00000
4.00000, 64.00000
4.00000, 72.00000
8.00000, 72.00000
10.00000, 74.00000
12.00000, 71.00000
14.00000, 72.00000
15.00000, 73.00000
16.00000, 74.00000
18.00000, 75.00000
19.00000, 76.00000
20.00000, 79.00000
21.00000, 77.00000
21.12500, 79.00000
21.25000, 77.00000
21.37500, 79.00000
21.50000, 77.00000
21.62500, 79.00000
21.75000, 77.00000
21.87500, 79.00000
22.00000, 76.00000
22.25000, 77.00000
22.50000, 76.00000
23.50000, 79.00000
24.00000, 84.00000
24.50000, 88.00000
24.75000, 86.00000
25.00000, 84.00000
25.25000, 83.00000
25.50000, 81.00000
25.75000, 79.00000
26.00000, 77.00000
26.25000, 76.00000
26.50000, 74.00000
26.75000, 72.00000
27.00000, 71.00000
27.25000, 69.00000
27.50000, 67.00000
27.75000, 65.00000
28.00000, 64.00000
30.00000, 62.00000
31.00000, 69.00000
occurrence2
19.00000, 76.00000
20.00000, 79.00000
21.00000, 77.00000
21.12500, 79.00000
21.25000, 77.00000
21.37500, 79.00000
21.50000, 77.00000
21.62500, 79.00000
21.75000, 77.00000
21.87500, 79.00000
22.00000, 76.00000
22.25000, 77.00000
22.50000, 76.00000
23.50000, 79.00000
24.00000, 84.00000
24.50000, 88.00000
24.75000, 86.00000
25.00000, 84.00000
25.25000, 83.00000
25.50000, 81.00000
25.75000, 79.00000
26.00000, 77.00000
26.25000, 76.00000
26.50000, 74.00000
26.75000, 72.00000
27.00000, 71.00000
27.25000, 69.00000
27.50000, 67.00000
27.75000, 65.00000
28.00000, 64.00000
30.00000, 62.00000
31.00000, 69.00000
32.00000, 60.00000
34.00000, 59.00000
34.50000, 60.00000
35.00000, 62.00000
35.50000, 64.00000
36.00000, 67.00000
37.00000, 65.00000
37.12500, 67.00000
37.25000, 65.00000
37.37500, 67.00000
37.50000, 65.00000
37.62500, 67.00000
37.75000, 65.00000
37.87500, 67.00000
38.00000, 64.00000
40.00000, 72.00000
42.00000, 74.00000
44.00000, 71.00000
46.00000, 72.00000
occurrence3
20.00000, 79.00000
21.00000, 77.00000
21.12500, 79.00000
21.25000, 77.00000
21.37500, 79.00000
21.50000, 77.00000
21.62500, 79.00000
21.75000, 77.00000
21.87500, 79.00000
22.00000, 76.00000
22.25000, 77.00000
22.50000, 76.00000
23.50000, 79.00000
24.00000, 84.00000
24.50000, 88.00000
24.75000, 86.00000
25.00000, 84.00000
25.25000, 83.00000
25.50000, 81.00000
25.75000, 79.00000
26.00000, 77.00000
26.25000, 76.00000
26.50000, 74.00000
26.75000, 72.00000
27.00000, 71.00000
27.25000, 69.00000
27.50000, 67.00000
27.75000, 65.00000
28.00000, 64.00000
30.00000, 62.00000
31.00000, 69.00000
32.00000, 60.00000
34.00000, 59.00000
34.50000, 60.00000
35.00000, 62.00000
35.50000, 64.00000
36.00000, 67.00000
37.00000, 65.00000
37.12500, 67.00000
37.25000, 65.00000
37.37500, 67.00000
37.50000, 65.00000
37.62500, 67.00000
37.75000, 65.00000
37.87500, 67.00000
38.00000, 64.00000
40.00000, 72.00000
42.00000, 74.00000
44.00000, 71.00000
46.00000, 72.00000
47.00000, 76.00000
occurrence4
25.00000, 84.00000
25.25000, 83.00000
25.50000, 81.00000
25.75000, 79.00000
26.00000, 77.00000
26.25000, 76.00000
26.50000, 74.00000
26.75000, 72.00000
27.00000, 71.00000
27.25000, 69.00000
27.50000, 67.00000
27.75000, 65.00000
28.00000, 64.00000
30.00000, 62.00000
31.00000, 69.00000
32.00000, 60.00000
34.00000, 59.00000
34.50000, 60.00000
35.00000, 62.00000
35.50000, 64.00000
36.00000, 67.00000
37.00000, 65.00000
37.12500, 67.00000
37.25000, 65.00000
37.37500, 67.00000
37.50000, 65.00000
37.62500, 67.00000
37.75000, 65.00000
37.87500, 67.00000
38.00000, 64.00000
40.00000, 72.00000
42.00000, 74.00000
44.00000, 71.00000
46.00000, 72.00000
47.00000, 76.00000
48.00000, 77.00000
50.00000, 78.00000
51.00000, 79.00000
52.00000, 81.00000
occurrence5
37.00000, 65.00000
37.12500, 67.00000
37.25000, 65.00000
37.37500, 67.00000
37.50000, 65.00000
37.62500, 67.00000
37.75000, 65.00000
37.87500, 67.00000
38.00000, 64.00000
40.00000, 72.00000
42.00000, 74.00000
44.00000, 71.00000
46.00000, 72.00000
47.00000, 76.00000
48.00000, 77.00000
50.00000, 78.00000
51.00000, 79.00000
52.00000, 81.00000
53.00000, 83.00000
53.17188, 81.00000
53.32813, 80.00000
53.50000, 81.00000
53.75000, 83.00000
54.00000, 84.00000
55.50000, 84.00000
56.00000, 84.00000
56.25000, 76.00000
56.50000, 77.00000
56.75000, 78.00000
57.00000, 79.00000
57.25000, 71.00000
57.50000, 72.00000
57.75000, 74.00000
58.00000, 76.00000
58.25000, 64.00000
58.50000, 65.00000
58.75000, 66.00000
59.00000, 67.00000
59.25000, 59.00000
59.50000, 60.00000
59.75000, 62.00000
60.00000, 64.00000
62.00000, 65.00000
63.00000, 69.00000
64.00000, 60.00000
64.00000, 62.00000
occurrence6
37.12500, 67.00000
37.25000, 65.00000
37.37500, 67.00000
37.50000, 65.00000
37.62500, 67.00000
37.75000, 65.00000
37.87500, 67.00000
38.00000, 64.00000
40.00000, 72.00000
42.00000, 74.00000
44.00000, 71.00000
46.00000, 72.00000
47.00000, 76.00000
48.00000, 77.00000
50.00000, 78.00000
51.00000, 79.00000
52.00000, 81.00000
53.00000, 83.00000
53.17188, 81.00000
53.32813, 80.00000
53.50000, 81.00000
53.75000, 83.00000
54.00000, 84.00000
55.50000, 84.00000
56.00000, 84.00000
56.25000, 76.00000
56.50000, 77.00000
56.75000, 78.00000
57.00000, 79.00000
57.25000, 71.00000
57.50000, 72.00000
57.75000, 74.00000
58.00000, 76.00000
58.25000, 64.00000
58.50000, 65.00000
58.75000, 66.00000
59.00000, 67.00000
59.25000, 59.00000
59.50000, 60.00000
59.75000, 62.00000
60.00000, 64.00000
62.00000, 65.00000
63.00000, 69.00000
64.00000, 60.00000
64.00000, 62.00000
64.12500, 64.00000
occurrence7
37.25000, 65.00000
37.37500, 67.00000
37.50000, 65.00000
37.62500, 67.00000
37.75000, 65.00000
37.87500, 67.00000
38.00000, 64.00000
40.00000, 72.00000
42.00000, 74.00000
44.00000, 71.00000
46.00000, 72.00000
47.00000, 76.00000
48.00000, 77.00000
50.00000, 78.00000
51.00000, 79.00000
52.00000, 81.00000
53.00000, 83.00000
53.17188, 81.00000
53.32813, 80.00000
53.50000, 81.00000
53.75000, 83.00000
54.00000, 84.00000
55.50000, 84.00000
56.00000, 84.00000
56.25000, 76.00000
56.50000, 77.00000
56.75000, 78.00000
57.00000, 79.00000
57.25000, 71.00000
57.50000, 72.00000
57.75000, 74.00000
58.00000, 76.00000
58.25000, 64.00000
58.50000, 65.00000
58.75000, 66.00000
59.00000, 67.00000
59.25000, 59.00000
59.50000, 60.00000
59.75000, 62.00000
60.00000, 64.00000
62.00000, 65.00000
63.00000, 69.00000
64.00000, 60.00000
64.00000, 62.00000
64.12500, 64.00000
64.25000, 62.00000
occurrence8
37.37500, 67.00000
37.50000, 65.00000
37.62500, 67.00000
37.75000, 65.00000
37.87500, 67.00000
38.00000, 64.00000
40.00000, 72.00000
42.00000, 74.00000
44.00000, 71.00000
46.00000, 72.00000
47.00000, 76.00000
48.00000, 77.00000
50.00000, 78.00000
51.00000, 79.00000
52.00000, 81.00000
53.00000, 83.00000
53.17188, 81.00000
53.32813, 80.00000
53.50000, 81.00000
53.75000, 83.00000
54.00000, 84.00000
55.50000, 84.00000
56.00000, 84.00000
56.25000, 76.00000
56.50000, 77.00000
56.75000, 78.00000
57.00000, 79.00000
57.25000, 71.00000
57.50000, 72.00000
57.75000, 74.00000
58.00000, 76.00000
58.25000, 64.00000
58.50000, 65.00000
58.75000, 66.00000
59.00000, 67.00000
59.25000, 59.00000
59.50000, 60.00000
59.75000, 62.00000
60.00000, 64.00000
62.00000, 65.00000
63.00000, 69.00000
64.00000, 60.00000
64.00000, 62.00000
64.12500, 64.00000
64.25000, 62.00000
64.37500, 64.00000
occurrence9
37.50000, 65.00000
37.62500, 67.00000
37.75000, 65.00000
37.87500, 67.00000
38.00000, 64.00000
40.00000, 72.00000
42.00000, 74.00000
44.00000, 71.00000
46.00000, 72.00000
47.00000, 76.00000
48.00000, 77.00000
50.00000, 78.00000
51.00000, 79.00000
52.00000, 81.00000
53.00000, 83.00000
53.17188, 81.00000
53.32813, 80.00000
53.50000, 81.00000
53.75000, 83.00000
54.00000, 84.00000
55.50000, 84.00000
56.00000, 84.00000
56.25000, 76.00000
56.50000, 77.00000
56.75000, 78.00000
57.00000, 79.00000
57.25000, 71.00000
57.50000, 72.00000
57.75000, 74.00000
58.00000, 76.00000
58.25000, 64.00000
58.50000, 65.00000
58.75000, 66.00000
59.00000, 67.00000
59.25000, 59.00000
59.50000, 60.00000
59.75000, 62.00000
60.00000, 64.00000
62.00000, 65.00000
63.00000, 69.00000
64.00000, 60.00000
64.00000, 62.00000
64.12500, 64.00000
64.25000, 62.00000
64.37500, 64.00000
64.50000, 62.00000
occurrence10
37.62500, 67.00000
37.75000, 65.00000
37.87500, 67.00000
38.00000, 64.00000
40.00000, 72.00000
42.00000, 74.00000
44.00000, 71.00000
46.00000, 72.00000
47.00000, 76.00000
48.00000, 77.00000
50.00000, 78.00000
51.00000, 79.00000
52.00000, 81.00000
53.00000, 83.00000
53.17188, 81.00000
53.32813, 80.00000
53.50000, 81.00000
53.75000, 83.00000
54.00000, 84.00000
55.50000, 84.00000
56.00000, 84.00000
56.25000, 76.00000
56.50000, 77.00000
56.75000, 78.00000
57.00000, 79.00000
57.25000, 71.00000
57.50000, 72.00000
57.75000, 74.00000
58.00000, 76.00000
58.25000, 64.00000
58.50000, 65.00000
58.75000, 66.00000
59.00000, 67.00000
59.25000, 59.00000
59.50000, 60.00000
59.75000, 62.00000
60.00000, 64.00000
62.00000, 65.00000
63.00000, 69.00000
64.00000, 60.00000
64.00000, 62.00000
64.12500, 64.00000
64.25000, 62.00000
64.37500, 64.00000
64.50000, 62.00000
64.62500, 64.00000
occurrence11
37.75000, 65.00000
37.87500, 67.00000
38.00000, 64.00000
40.00000, 72.00000
42.00000, 74.00000
44.00000, 71.00000
46.00000, 72.00000
47.00000, 76.00000
48.00000, 77.00000
50.00000, 78.00000
51.00000, 79.00000
52.00000, 81.00000
53.00000, 83.00000
53.17188, 81.00000
53.32813, 80.00000
53.50000, 81.00000
53.75000, 83.00000
54.00000, 84.00000
55.50000, 84.00000
56.00000, 84.00000
56.25000, 76.00000
56.50000, 77.00000
56.75000, 78.00000
57.00000, 79.00000
57.25000, 71.00000
57.50000, 72.00000
57.75000, 74.00000
58.00000, 76.00000
58.25000, 64.00000
58.50000, 65.00000
58.75000, 66.00000
59.00000, 67.00000
59.25000, 59.00000
59.50000, 60.00000
59.75000, 62.00000
60.00000, 64.00000
62.00000, 65.00000
63.00000, 69.00000
64.00000, 60.00000
64.00000, 62.00000
64.12500, 64.00000
64.25000, 62.00000
64.37500, 64.00000
64.50000, 62.00000
64.62500, 64.00000
64.75000, 62.00000
occurrence12
37.87500, 67.00000
38.00000, 64.00000
40.00000, 72.00000
42.00000, 74.00000
44.00000, 71.00000
46.00000, 72.00000
47.00000, 76.00000
48.00000, 77.00000
50.00000, 78.00000
51.00000, 79.00000
52.00000, 81.00000
53.00000, 83.00000
53.17188, 81.00000
53.32813, 80.00000
53.50000, 81.00000
53.75000, 83.00000
54.00000, 84.00000
55.50000, 84.00000
56.00000, 84.00000
56.25000, 76.00000
56.50000, 77.00000
56.75000, 78.00000
57.00000, 79.00000
57.25000, 71.00000
57.50000, 72.00000
57.75000, 74.00000
58.00000, 76.00000
58.25000, 64.00000
58.50000, 65.00000
58.75000, 66.00000
59.00000, 67.00000
59.25000, 59.00000
59.50000, 60.00000
59.75000, 62.00000
60.00000, 64.00000
62.00000, 65.00000
63.00000, 69.00000
64.00000, 60.00000
64.00000, 62.00000
64.12500, 64.00000
64.25000, 62.00000
64.37500, 64.00000
64.50000, 62.00000
64.62500, 64.00000
64.75000, 62.00000
64.87500, 64.00000
occurrence13
84.00000, 79.00000
92.50000, 88.00000
93.00000, 86.00000
93.50000, 89.00000
94.00000, 88.00000
94.50000, 84.00000
95.00000, 83.00000
95.50000, 86.00000
96.00000, 84.00000
96.50000, 81.00000
97.00000, 80.00000
97.50000, 83.00000
98.00000, 81.00000
98.50000, 79.00000
99.00000, 78.00000
99.50000, 81.00000
100.00000, 79.00000
100.50000, 78.00000
101.00000, 76.00000
101.50000, 74.00000
102.00000, 73.00000
102.50000, 79.00000
103.00000, 76.00000
103.50000, 73.00000
104.00000, 74.00000
104.50000, 74.00000
105.00000, 76.00000
105.50000, 73.00000
106.00000, 74.00000
106.50000, 74.00000
107.00000, 76.00000
107.50000, 73.00000
108.00000, 74.00000
108.50000, 74.00000
109.00000, 76.00000
109.50000, 73.00000
110.00000, 74.00000
110.50000, 74.00000
111.00000, 76.00000
pattern9
occurrence1
4.00000, 55.00000
4.00000, 64.00000
4.00000, 72.00000
8.00000, 72.00000
10.00000, 74.00000
12.00000, 71.00000
14.00000, 72.00000
15.00000, 73.00000
16.00000, 74.00000
18.00000, 75.00000
19.00000, 76.00000
20.00000, 79.00000
21.00000, 77.00000
21.12500, 79.00000
21.25000, 77.00000
21.37500, 79.00000
21.50000, 77.00000
21.62500, 79.00000
21.75000, 77.00000
21.87500, 79.00000
22.00000, 76.00000
22.25000, 77.00000
22.50000, 76.00000
23.50000, 79.00000
24.00000, 84.00000
24.50000, 88.00000
24.75000, 86.00000
25.00000, 84.00000
25.25000, 83.00000
25.50000, 81.00000
25.75000, 79.00000
26.00000, 77.00000
26.25000, 76.00000
26.50000, 74.00000
26.75000, 72.00000
27.00000, 71.00000
27.25000, 69.00000
27.50000, 67.00000
27.75000, 65.00000
28.00000, 64.00000
30.00000, 62.00000
31.00000, 69.00000
32.00000, 60.00000
34.00000, 59.00000
34.50000, 60.00000
35.00000, 62.00000
35.50000, 64.00000
36.00000, 67.00000
occurrence2
15.00000, 73.00000
16.00000, 74.00000
18.00000, 75.00000
19.00000, 76.00000
20.00000, 79.00000
21.00000, 77.00000
21.12500, 79.00000
21.25000, 77.00000
21.37500, 79.00000
21.50000, 77.00000
21.62500, 79.00000
21.75000, 77.00000
21.87500, 79.00000
22.00000, 76.00000
22.25000, 77.00000
22.50000, 76.00000
23.50000, 79.00000
24.00000, 84.00000
24.50000, 88.00000
24.75000, 86.00000
25.00000, 84.00000
25.25000, 83.00000
25.50000, 81.00000
25.75000, 79.00000
26.00000, 77.00000
26.25000, 76.00000
26.50000, 74.00000
26.75000, 72.00000
27.00000, 71.00000
27.25000, 69.00000
27.50000, 67.00000
27.75000, 65.00000
28.00000, 64.00000
30.00000, 62.00000
31.00000, 69.00000
32.00000, 60.00000
34.00000, 59.00000
34.50000, 60.00000
35.00000, 62.00000
35.50000, 64.00000
36.00000, 67.00000
37.00000, 65.00000
37.12500, 67.00000
37.25000, 65.00000
37.37500, 67.00000
37.50000, 65.00000
37.62500, 67.00000
37.75000, 65.00000
37.87500, 67.00000
38.00000, 64.00000
40.00000, 72.00000
42.00000, 74.00000
44.00000, 71.00000
46.00000, 72.00000
47.00000, 76.00000
occurrence3
16.00000, 74.00000
18.00000, 75.00000
19.00000, 76.00000
20.00000, 79.00000
21.00000, 77.00000
21.12500, 79.00000
21.25000, 77.00000
21.37500, 79.00000
21.50000, 77.00000
21.62500, 79.00000
21.75000, 77.00000
21.87500, 79.00000
22.00000, 76.00000
22.25000, 77.00000
22.50000, 76.00000
23.50000, 79.00000
24.00000, 84.00000
24.50000, 88.00000
24.75000, 86.00000
25.00000, 84.00000
25.25000, 83.00000
25.50000, 81.00000
25.75000, 79.00000
26.00000, 77.00000
26.25000, 76.00000
26.50000, 74.00000
26.75000, 72.00000
27.00000, 71.00000
27.25000, 69.00000
27.50000, 67.00000
27.75000, 65.00000
28.00000, 64.00000
30.00000, 62.00000
31.00000, 69.00000
32.00000, 60.00000
34.00000, 59.00000
34.50000, 60.00000
35.00000, 62.00000
35.50000, 64.00000
36.00000, 67.00000
37.00000, 65.00000
37.12500, 67.00000
37.25000, 65.00000
37.37500, 67.00000
37.50000, 65.00000
37.62500, 67.00000
37.75000, 65.00000
37.87500, 67.00000
38.00000, 64.00000
40.00000, 72.00000
42.00000, 74.00000
44.00000, 71.00000
46.00000, 72.00000
47.00000, 76.00000
48.00000, 77.00000
occurrence4
18.00000, 75.00000
19.00000, 76.00000
20.00000, 79.00000
21.00000, 77.00000
21.12500, 79.00000
21.25000, 77.00000
21.37500, 79.00000
21.50000, 77.00000
21.62500, 79.00000
21.75000, 77.00000
21.87500, 79.00000
22.00000, 76.00000
22.25000, 77.00000
22.50000, 76.00000
23.50000, 79.00000
24.00000, 84.00000
24.50000, 88.00000
24.75000, 86.00000
25.00000, 84.00000
25.25000, 83.00000
25.50000, 81.00000
25.75000, 79.00000
26.00000, 77.00000
26.25000, 76.00000
26.50000, 74.00000
26.75000, 72.00000
27.00000, 71.00000
27.25000, 69.00000
27.50000, 67.00000
27.75000, 65.00000
28.00000, 64.00000
30.00000, 62.00000
31.00000, 69.00000
32.00000, 60.00000
34.00000, 59.00000
34.50000, 60.00000
35.00000, 62.00000
35.50000, 64.00000
36.00000, 67.00000
37.00000, 65.00000
37.12500, 67.00000
37.25000, 65.00000
37.37500, 67.00000
37.50000, 65.00000
37.62500, 67.00000
37.75000, 65.00000
37.87500, 67.00000
38.00000, 64.00000
40.00000, 72.00000
42.00000, 74.00000
44.00000, 71.00000
46.00000, 72.00000
47.00000, 76.00000
48.00000, 77.00000
50.00000, 78.00000
occurrence5
19.00000, 76.00000
20.00000, 79.00000
21.00000, 77.00000
21.12500, 79.00000
21.25000, 77.00000
21.37500, 79.00000
21.50000, 77.00000
21.62500, 79.00000
21.75000, 77.00000
21.87500, 79.00000
22.00000, 76.00000
22.25000, 77.00000
22.50000, 76.00000
23.50000, 79.00000
24.00000, 84.00000
24.50000, 88.00000
24.75000, 86.00000
25.00000, 84.00000
25.25000, 83.00000
25.50000, 81.00000
25.75000, 79.00000
26.00000, 77.00000
26.25000, 76.00000
26.50000, 74.00000
26.75000, 72.00000
27.00000, 71.00000
27.25000, 69.00000
27.50000, 67.00000
27.75000, 65.00000
28.00000, 64.00000
30.00000, 62.00000
31.00000, 69.00000
32.00000, 60.00000
34.00000, 59.00000
34.50000, 60.00000
35.00000, 62.00000
35.50000, 64.00000
36.00000, 67.00000
37.00000, 65.00000
37.12500, 67.00000
37.25000, 65.00000
37.37500, 67.00000
37.50000, 65.00000
37.62500, 67.00000
37.75000, 65.00000
37.87500, 67.00000
38.00000, 64.00000
40.00000, 72.00000
42.00000, 74.00000
44.00000, 71.00000
46.00000, 72.00000
47.00000, 76.00000
48.00000, 77.00000
50.00000, 78.00000
51.00000, 79.00000
occurrence6
21.50000, 77.00000
21.62500, 79.00000
21.75000, 77.00000
21.87500, 79.00000
22.00000, 76.00000
22.25000, 77.00000
22.50000, 76.00000
23.50000, 79.00000
24.00000, 84.00000
24.50000, 88.00000
24.75000, 86.00000
25.00000, 84.00000
25.25000, 83.00000
25.50000, 81.00000
25.75000, 79.00000
26.00000, 77.00000
26.25000, 76.00000
26.50000, 74.00000
26.75000, 72.00000
27.00000, 71.00000
27.25000, 69.00000
27.50000, 67.00000
27.75000, 65.00000
28.00000, 64.00000
30.00000, 62.00000
31.00000, 69.00000
32.00000, 60.00000
34.00000, 59.00000
34.50000, 60.00000
35.00000, 62.00000
35.50000, 64.00000
36.00000, 67.00000
37.00000, 65.00000
37.12500, 67.00000
37.25000, 65.00000
37.37500, 67.00000
37.50000, 65.00000
37.62500, 67.00000
37.75000, 65.00000
37.87500, 67.00000
38.00000, 64.00000
40.00000, 72.00000
42.00000, 74.00000
44.00000, 71.00000
46.00000, 72.00000
47.00000, 76.00000
48.00000, 77.00000
50.00000, 78.00000
51.00000, 79.00000
52.00000, 81.00000
53.00000, 83.00000
53.17188, 81.00000
53.32813, 80.00000
53.50000, 81.00000
occurrence7
30.00000, 62.00000
31.00000, 69.00000
32.00000, 60.00000
34.00000, 59.00000
34.50000, 60.00000
35.00000, 62.00000
35.50000, 64.00000
36.00000, 67.00000
37.00000, 65.00000
37.12500, 67.00000
37.25000, 65.00000
37.37500, 67.00000
37.50000, 65.00000
37.62500, 67.00000
37.75000, 65.00000
37.87500, 67.00000
38.00000, 64.00000
40.00000, 72.00000
42.00000, 74.00000
44.00000, 71.00000
46.00000, 72.00000
47.00000, 76.00000
48.00000, 77.00000
50.00000, 78.00000
51.00000, 79.00000
52.00000, 81.00000
53.00000, 83.00000
53.17188, 81.00000
53.32813, 80.00000
53.50000, 81.00000
53.75000, 83.00000
54.00000, 84.00000
55.50000, 84.00000
56.00000, 84.00000
56.25000, 76.00000
56.50000, 77.00000
56.75000, 78.00000
57.00000, 79.00000
57.25000, 71.00000
57.50000, 72.00000
57.75000, 74.00000
58.00000, 76.00000
58.25000, 64.00000
58.50000, 65.00000
58.75000, 66.00000
59.00000, 67.00000
59.25000, 59.00000
59.50000, 60.00000
59.75000, 62.00000
60.00000, 64.00000
62.00000, 65.00000
occurrence8
34.00000, 59.00000
34.50000, 60.00000
35.00000, 62.00000
35.50000, 64.00000
36.00000, 67.00000
37.00000, 65.00000
37.12500, 67.00000
37.25000, 65.00000
37.37500, 67.00000
37.50000, 65.00000
37.62500, 67.00000
37.75000, 65.00000
37.87500, 67.00000
38.00000, 64.00000
40.00000, 72.00000
42.00000, 74.00000
44.00000, 71.00000
46.00000, 72.00000
47.00000, 76.00000
48.00000, 77.00000
50.00000, 78.00000
51.00000, 79.00000
52.00000, 81.00000
53.00000, 83.00000
53.17188, 81.00000
53.32813, 80.00000
53.50000, 81.00000
53.75000, 83.00000
54.00000, 84.00000
55.50000, 84.00000
56.00000, 84.00000
56.25000, 76.00000
56.50000, 77.00000
56.75000, 78.00000
57.00000, 79.00000
57.25000, 71.00000
57.50000, 72.00000
57.75000, 74.00000
58.00000, 76.00000
58.25000, 64.00000
58.50000, 65.00000
58.75000, 66.00000
59.00000, 67.00000
59.25000, 59.00000
59.50000, 60.00000
59.75000, 62.00000
60.00000, 64.00000
62.00000, 65.00000
63.00000, 69.00000
64.00000, 60.00000
64.00000, 62.00000
64.12500, 64.00000
64.25000, 62.00000
64.37500, 64.00000
64.50000, 62.00000
64.62500, 64.00000
64.75000, 62.00000
64.87500, 64.00000
65.00000, 62.00000
65.12500, 64.00000
65.25000, 62.00000
65.37500, 64.00000
65.50000, 62.00000
65.62500, 64.00000
65.75000, 62.00000
65.87500, 64.00000
66.00000, 62.00000
occurrence9
70.50000, 76.00000
71.00000, 77.00000
71.50000, 74.00000
72.00000, 72.00000
75.00000, 71.00000
75.50000, 74.00000
76.00000, 77.00000
80.50000, 86.00000
81.00000, 85.00000
81.50000, 88.00000
82.00000, 86.00000
82.50000, 83.00000
83.00000, 84.00000
83.50000, 81.00000
84.00000, 79.00000
92.50000, 88.00000
93.00000, 86.00000
93.50000, 89.00000
94.00000, 88.00000
94.50000, 84.00000
95.00000, 83.00000
95.50000, 86.00000
96.00000, 84.00000
96.50000, 81.00000
97.00000, 80.00000
97.50000, 83.00000
98.00000, 81.00000
98.50000, 79.00000
99.00000, 78.00000
99.50000, 81.00000
100.00000, 79.00000
100.50000, 78.00000
101.00000, 76.00000
101.50000, 74.00000
102.00000, 73.00000
102.50000, 79.00000
pattern10
occurrence1
8.00000, 72.00000
10.00000, 74.00000
12.00000, 71.00000
14.00000, 72.00000
15.00000, 73.00000
16.00000, 74.00000
18.00000, 75.00000
19.00000, 76.00000
20.00000, 79.00000
21.00000, 77.00000
21.12500, 79.00000
21.25000, 77.00000
21.37500, 79.00000
21.50000, 77.00000
21.62500, 79.00000
21.75000, 77.00000
21.87500, 79.00000
22.00000, 76.00000
22.25000, 77.00000
22.50000, 76.00000
23.50000, 79.00000
24.00000, 84.00000
24.50000, 88.00000
24.75000, 86.00000
25.00000, 84.00000
25.25000, 83.00000
25.50000, 81.00000
25.75000, 79.00000
26.00000, 77.00000
26.25000, 76.00000
26.50000, 74.00000
26.75000, 72.00000
27.00000, 71.00000
27.25000, 69.00000
27.50000, 67.00000
27.75000, 65.00000
28.00000, 64.00000
occurrence2
40.00000, 72.00000
42.00000, 74.00000
44.00000, 71.00000
46.00000, 72.00000
47.00000, 76.00000
48.00000, 77.00000
50.00000, 78.00000
51.00000, 79.00000
52.00000, 81.00000
53.00000, 83.00000
53.17188, 81.00000
53.32813, 80.00000
53.50000, 81.00000
53.75000, 83.00000
54.00000, 84.00000
55.50000, 84.00000
56.00000, 84.00000
56.25000, 76.00000
56.50000, 77.00000
56.75000, 78.00000
57.00000, 79.00000
57.25000, 71.00000
57.50000, 72.00000
57.75000, 74.00000
58.00000, 76.00000
58.25000, 64.00000
58.50000, 65.00000
58.75000, 66.00000
59.00000, 67.00000
59.25000, 59.00000
59.50000, 60.00000
59.75000, 62.00000
60.00000, 64.00000
occurrence3
42.00000, 74.00000
44.00000, 71.00000
46.00000, 72.00000
47.00000, 76.00000
48.00000, 77.00000
50.00000, 78.00000
51.00000, 79.00000
52.00000, 81.00000
53.00000, 83.00000
53.17188, 81.00000
53.32813, 80.00000
53.50000, 81.00000
53.75000, 83.00000
54.00000, 84.00000
55.50000, 84.00000
56.00000, 84.00000
56.25000, 76.00000
56.50000, 77.00000
56.75000, 78.00000
57.00000, 79.00000
57.25000, 71.00000
57.50000, 72.00000
57.75000, 74.00000
58.00000, 76.00000
58.25000, 64.00000
58.50000, 65.00000
58.75000, 66.00000
59.00000, 67.00000
59.25000, 59.00000
59.50000, 60.00000
59.75000, 62.00000
60.00000, 64.00000
62.00000, 65.00000
occurrence4
44.00000, 71.00000
46.00000, 72.00000
47.00000, 76.00000
48.00000, 77.00000
50.00000, 78.00000
51.00000, 79.00000
52.00000, 81.00000
53.00000, 83.00000
53.17188, 81.00000
53.32813, 80.00000
53.50000, 81.00000
53.75000, 83.00000
54.00000, 84.00000
55.50000, 84.00000
56.00000, 84.00000
56.25000, 76.00000
56.50000, 77.00000
56.75000, 78.00000
57.00000, 79.00000
57.25000, 71.00000
57.50000, 72.00000
57.75000, 74.00000
58.00000, 76.00000
58.25000, 64.00000
58.50000, 65.00000
58.75000, 66.00000
59.00000, 67.00000
59.25000, 59.00000
59.50000, 60.00000
59.75000, 62.00000
60.00000, 64.00000
62.00000, 65.00000
63.00000, 69.00000
64.00000, 60.00000
64.00000, 62.00000
occurrence5
52.00000, 81.00000
53.00000, 83.00000
53.17188, 81.00000
53.32813, 80.00000
53.50000, 81.00000
53.75000, 83.00000
54.00000, 84.00000
55.50000, 84.00000
56.00000, 84.00000
56.25000, 76.00000
56.50000, 77.00000
56.75000, 78.00000
57.00000, 79.00000
57.25000, 71.00000
57.50000, 72.00000
57.75000, 74.00000
58.00000, 76.00000
58.25000, 64.00000
58.50000, 65.00000
58.75000, 66.00000
59.00000, 67.00000
59.25000, 59.00000
59.50000, 60.00000
59.75000, 62.00000
60.00000, 64.00000
62.00000, 65.00000
63.00000, 69.00000
64.00000, 60.00000
64.00000, 62.00000
64.12500, 64.00000
64.25000, 62.00000
64.37500, 64.00000
64.50000, 62.00000
64.62500, 64.00000
64.75000, 62.00000
64.87500, 64.00000
65.00000, 62.00000
65.12500, 64.00000
65.25000, 62.00000
65.37500, 64.00000
65.50000, 62.00000
65.62500, 64.00000
65.75000, 62.00000
65.87500, 64.00000
66.00000, 62.00000
66.12500, 64.00000
66.25000, 62.00000
66.37500, 64.00000
66.50000, 62.00000
66.62500, 64.00000
66.75000, 62.00000
66.87500, 64.00000
67.00000, 62.00000
67.12500, 64.00000
67.25000, 62.00000
67.37500, 64.00000
67.50000, 62.00000
67.62500, 64.00000
67.75000, 62.00000
67.87500, 64.00000
68.00000, 60.00000
68.50000, 79.00000
69.00000, 78.00000
69.50000, 81.00000
70.00000, 79.00000
70.50000, 76.00000
71.00000, 77.00000
71.50000, 74.00000
72.00000, 72.00000
occurrence6
80.50000, 86.00000
81.00000, 85.00000
81.50000, 88.00000
82.00000, 86.00000
82.50000, 83.00000
83.00000, 84.00000
83.50000, 81.00000
84.00000, 79.00000
92.50000, 88.00000
93.00000, 86.00000
93.50000, 89.00000
94.00000, 88.00000
94.50000, 84.00000
95.00000, 83.00000
95.50000, 86.00000
96.00000, 84.00000
96.50000, 81.00000
97.00000, 80.00000
97.50000, 83.00000
98.00000, 81.00000
98.50000, 79.00000
99.00000, 78.00000
99.50000, 81.00000
100.00000, 79.00000
100.50000, 78.00000
occurrence7
81.00000, 85.00000
81.50000, 88.00000
82.00000, 86.00000
82.50000, 83.00000
83.00000, 84.00000
83.50000, 81.00000
84.00000, 79.00000
92.50000, 88.00000
93.00000, 86.00000
93.50000, 89.00000
94.00000, 88.00000
94.50000, 84.00000
95.00000, 83.00000
95.50000, 86.00000
96.00000, 84.00000
96.50000, 81.00000
97.00000, 80.00000
97.50000, 83.00000
98.00000, 81.00000
98.50000, 79.00000
99.00000, 78.00000
99.50000, 81.00000
100.00000, 79.00000
100.50000, 78.00000
101.00000, 76.00000
occurrence8
83.00000, 84.00000
83.50000, 81.00000
84.00000, 79.00000
92.50000, 88.00000
93.00000, 86.00000
93.50000, 89.00000
94.00000, 88.00000
94.50000, 84.00000
95.00000, 83.00000
95.50000, 86.00000
96.00000, 84.00000
96.50000, 81.00000
97.00000, 80.00000
97.50000, 83.00000
98.00000, 81.00000
98.50000, 79.00000
99.00000, 78.00000
99.50000, 81.00000
100.00000, 79.00000
100.50000, 78.00000
101.00000, 76.00000
101.50000, 74.00000
102.00000, 73.00000
102.50000, 79.00000
103.00000, 76.00000
occurrence9
83.50000, 81.00000
84.00000, 79.00000
92.50000, 88.00000
93.00000, 86.00000
93.50000, 89.00000
94.00000, 88.00000
94.50000, 84.00000
95.00000, 83.00000
95.50000, 86.00000
96.00000, 84.00000
96.50000, 81.00000
97.00000, 80.00000
97.50000, 83.00000
98.00000, 81.00000
98.50000, 79.00000
99.00000, 78.00000
99.50000, 81.00000
100.00000, 79.00000
100.50000, 78.00000
101.00000, 76.00000
101.50000, 74.00000
102.00000, 73.00000
102.50000, 79.00000
103.00000, 76.00000
103.50000, 73.00000
pattern11
occurrence1
24.50000, 88.00000
24.75000, 86.00000
25.00000, 84.00000
25.25000, 83.00000
25.50000, 81.00000
25.75000, 79.00000
26.00000, 77.00000
26.25000, 76.00000
occurrence2
24.75000, 86.00000
25.00000, 84.00000
25.25000, 83.00000
25.50000, 81.00000
25.75000, 79.00000
26.00000, 77.00000
26.25000, 76.00000
26.50000, 74.00000
occurrence3
25.00000, 84.00000
25.25000, 83.00000
25.50000, 81.00000
25.75000, 79.00000
26.00000, 77.00000
26.25000, 76.00000
26.50000, 74.00000
26.75000, 72.00000
occurrence4
25.25000, 83.00000
25.50000, 81.00000
25.75000, 79.00000
26.00000, 77.00000
26.25000, 76.00000
26.50000, 74.00000
26.75000, 72.00000
27.00000, 71.00000
occurrence5
25.50000, 81.00000
25.75000, 79.00000
26.00000, 77.00000
26.25000, 76.00000
26.50000, 74.00000
26.75000, 72.00000
27.00000, 71.00000
27.25000, 69.00000
occurrence6
25.75000, 79.00000
26.00000, 77.00000
26.25000, 76.00000
26.50000, 74.00000
26.75000, 72.00000
27.00000, 71.00000
27.25000, 69.00000
27.50000, 67.00000
occurrence7
26.00000, 77.00000
26.25000, 76.00000
26.50000, 74.00000
26.75000, 72.00000
27.00000, 71.00000
27.25000, 69.00000
27.50000, 67.00000
27.75000, 65.00000
occurrence8
26.25000, 76.00000
26.50000, 74.00000
26.75000, 72.00000
27.00000, 71.00000
27.25000, 69.00000
27.50000, 67.00000
27.75000, 65.00000
28.00000, 64.00000
occurrence9
56.75000, 78.00000
57.00000, 79.00000
57.25000, 71.00000
57.50000, 72.00000
57.75000, 74.00000
58.00000, 76.00000
58.25000, 64.00000
58.50000, 65.00000
pattern12
occurrence1
0.00000, 62.00000
0.00000, 71.00000
4.00000, 55.00000
4.00000, 64.00000
4.00000, 72.00000
8.00000, 72.00000
10.00000, 74.00000
12.00000, 71.00000
14.00000, 72.00000
15.00000, 73.00000
16.00000, 74.00000
18.00000, 75.00000
19.00000, 76.00000
20.00000, 79.00000
21.00000, 77.00000
21.12500, 79.00000
21.25000, 77.00000
21.37500, 79.00000
21.50000, 77.00000
21.62500, 79.00000
21.75000, 77.00000
21.87500, 79.00000
22.00000, 76.00000
22.25000, 77.00000
22.50000, 76.00000
23.50000, 79.00000
24.00000, 84.00000
24.50000, 88.00000
24.75000, 86.00000
25.00000, 84.00000
25.25000, 83.00000
25.50000, 81.00000
25.75000, 79.00000
26.00000, 77.00000
26.25000, 76.00000
26.50000, 74.00000
26.75000, 72.00000
27.00000, 71.00000
27.25000, 69.00000
27.50000, 67.00000
27.75000, 65.00000
28.00000, 64.00000
30.00000, 62.00000
31.00000, 69.00000
32.00000, 60.00000
34.00000, 59.00000
34.50000, 60.00000
35.00000, 62.00000
35.50000, 64.00000
36.00000, 67.00000
37.00000, 65.00000
37.12500, 67.00000
37.25000, 65.00000
37.37500, 67.00000
37.50000, 65.00000
37.62500, 67.00000
37.75000, 65.00000
37.87500, 67.00000
38.00000, 64.00000
40.00000, 72.00000
42.00000, 74.00000
44.00000, 71.00000
46.00000, 72.00000
47.00000, 76.00000
48.00000, 77.00000
50.00000, 78.00000
51.00000, 79.00000
52.00000, 81.00000
53.00000, 83.00000
53.17188, 81.00000
53.32813, 80.00000
53.50000, 81.00000
53.75000, 83.00000
54.00000, 84.00000
55.50000, 84.00000
56.00000, 84.00000
56.25000, 76.00000
56.50000, 77.00000
56.75000, 78.00000
57.00000, 79.00000
57.25000, 71.00000
57.50000, 72.00000
57.75000, 74.00000
58.00000, 76.00000
58.25000, 64.00000
58.50000, 65.00000
58.75000, 66.00000
59.00000, 67.00000
59.25000, 59.00000
59.50000, 60.00000
59.75000, 62.00000
60.00000, 64.00000
62.00000, 65.00000
63.00000, 69.00000
64.00000, 60.00000
64.00000, 62.00000
64.12500, 64.00000
64.25000, 62.00000
64.37500, 64.00000
64.50000, 62.00000
64.62500, 64.00000
64.75000, 62.00000
64.87500, 64.00000
65.00000, 62.00000
65.12500, 64.00000
65.25000, 62.00000
65.37500, 64.00000
65.50000, 62.00000
65.62500, 64.00000
65.75000, 62.00000
65.87500, 64.00000
66.00000, 62.00000
66.12500, 64.00000
66.25000, 62.00000
66.37500, 64.00000
66.50000, 62.00000
66.62500, 64.00000
66.75000, 62.00000
66.87500, 64.00000
67.00000, 62.00000
67.12500, 64.00000
67.25000, 62.00000
67.37500, 64.00000
67.50000, 62.00000
67.62500, 64.00000
67.75000, 62.00000
67.87500, 64.00000
68.00000, 60.00000
68.50000, 79.00000
69.00000, 78.00000
69.50000, 81.00000
70.00000, 79.00000
70.50000, 76.00000
71.00000, 77.00000
71.50000, 74.00000
72.00000, 72.00000
75.00000, 71.00000
75.50000, 74.00000
76.00000, 77.00000
80.50000, 86.00000
81.00000, 85.00000
81.50000, 88.00000
82.00000, 86.00000
82.50000, 83.00000
83.00000, 84.00000
83.50000, 81.00000
84.00000, 79.00000
92.50000, 88.00000
93.00000, 86.00000
93.50000, 89.00000
94.00000, 88.00000
94.50000, 84.00000
95.00000, 83.00000
95.50000, 86.00000
96.00000, 84.00000
96.50000, 81.00000
97.00000, 80.00000
97.50000, 83.00000
98.00000, 81.00000
98.50000, 79.00000
99.00000, 78.00000
99.50000, 81.00000
100.00000, 79.00000
100.50000, 78.00000
101.00000, 76.00000
101.50000, 74.00000
102.00000, 73.00000
