pattern1
occurrence1
44.0000000000, 79.0000000000
45.0000000000, 78.0000000000
46.0000000000, 79.0000000000
47.0000000000, 79.0000000000
pattern2
occurrence1
3.0000000000, 86.0000000000
4.0000000000, 86.0000000000
4.0000000000, 84.0000000000
5.0000000000, 82.0000000000
6.0000000000, 81.0000000000
7.0000000000, 84.0000000000
pattern3
occurrence1
8.0000000000, 82.0000000000
9.0000000000, 81.0000000000
10.0000000000, 79.0000000000
11.0000000000, 84.0000000000
12.0000000000, 82.0000000000
13.0000000000, 81.0000000000
14.0000000000, 79.0000000000
15.0000000000, 81.0000000000
16.0000000000, 82.0000000000
17.0000000000, 81.0000000000
18.0000000000, 79.0000000000
