pattern1
occurrence1
104.0000000000, 86.0000000000
104.0000000000, 86.0000000000
105.0000000000, 88.0000000000
105.0000000000, 85.0000000000
pattern2
occurrence1
44.0000000000, 83.0000000000
46.0000000000, 84.0000000000
47.0000000000, 88.0000000000
pattern3
occurrence1
24.0000000000, 96.0000000000
24.0000000000, 100.0000000000
24.0000000000, 98.0000000000
25.0000000000, 96.0000000000
25.0000000000, 95.0000000000
25.0000000000, 93.0000000000
25.0000000000, 91.0000000000
26.0000000000, 89.0000000000
26.0000000000, 88.0000000000
26.0000000000, 86.0000000000
26.0000000000, 84.0000000000
27.0000000000, 83.0000000000
27.0000000000, 81.0000000000
27.0000000000, 79.0000000000
27.0000000000, 77.0000000000
28.0000000000, 76.0000000000
30.0000000000, 74.0000000000
31.0000000000, 81.0000000000
