pattern1
occurrence1
0.0000000000 79.0000000000
0.0000000000 72.0000000000
1.0000000000 77.0000000000
1.0000000000 65.0000000000
2.0000000000 69.0000000000
2.0000000000 65.0000000000
3.0000000000 69.0000000000
3.0000000000 72.0000000000
pattern2
occurrence1
4.0000000000 77.0000000000
4.0000000000 82.0000000000
4.0000000000 81.0000000000
4.0000000000 79.0000000000
5.0000000000 77.0000000000
5.0000000000 79.0000000000
6.0000000000 81.0000000000
7.0000000000 81.0000000000
pattern3
occurrence1
0.0000000000 79.0000000000
0.0000000000 72.0000000000
1.0000000000 77.0000000000
1.0000000000 65.0000000000
pattern4
occurrence1
2.0000000000 69.0000000000
2.0000000000 65.0000000000
3.0000000000 69.0000000000
3.0000000000 72.0000000000
pattern5
occurrence1
0.0000000000 79.0000000000
0.0000000000 72.0000000000
pattern6
occurrence1
1.0000000000 77.0000000000
1.0000000000 65.0000000000
pattern7
occurrence1
2.0000000000 69.0000000000
2.0000000000 65.0000000000
pattern8
occurrence1
3.0000000000 69.0000000000
3.0000000000 72.0000000000
pattern9
occurrence1
4.0000000000 77.0000000000
4.0000000000 82.0000000000
4.0000000000 81.0000000000
4.0000000000 79.0000000000
pattern10
occurrence1
5.0000000000 77.0000000000
5.0000000000 79.0000000000
pattern11
occurrence1
6.0000000000 81.0000000000
7.0000000000 81.0000000000
pattern12
occurrence1
4.0000000000 77.0000000000
4.0000000000 82.0000000000
