pattern1
occurrence1
0.0000000000 74.0000000000
4.0000000000 67.0000000000
pattern2
occurrence1
40.0000000000 84.0000000000
42.0000000000 86.0000000000
44.0000000000 83.0000000000
46.0000000000 84.0000000000
47.0000000000 88.0000000000
pattern3
occurrence1
8.0000000000 84.0000000000
10.0000000000 86.0000000000
12.0000000000 83.0000000000
14.0000000000 84.0000000000
15.0000000000 85.0000000000
16.0000000000 86.0000000000
18.0000000000 87.0000000000
19.0000000000 88.0000000000
20.0000000000 91.0000000000
21.0000000000 89.0000000000
22.0000000000 88.0000000000
23.0000000000 -1.0000000000
23.0000000000 91.0000000000
24.0000000000 96.0000000000
24.0000000000 100.0000000000
24.0000000000 98.0000000000
25.0000000000 96.0000000000
25.0000000000 95.0000000000
25.0000000000 93.0000000000
25.0000000000 91.0000000000
26.0000000000 89.0000000000
26.0000000000 88.0000000000
26.0000000000 86.0000000000
26.0000000000 84.0000000000
27.0000000000 83.0000000000
27.0000000000 81.0000000000
27.0000000000 79.0000000000
27.0000000000 77.0000000000
28.0000000000 76.0000000000
30.0000000000 74.0000000000
31.0000000000 81.0000000000
32.0000000000 72.0000000000
34.0000000000 71.0000000000
34.0000000000 72.0000000000
35.0000000000 74.0000000000
35.0000000000 76.0000000000
36.0000000000 79.0000000000
37.0000000000 77.0000000000
38.0000000000 76.0000000000
