pattern1
occurrence1
8.0000000000, 81.0000000000
9.0000000000, 81.0000000000
occurrence2
0.0000000000, 81.0000000000
1.0000000000, 81.0000000000
pattern2
occurrence1
62.0000000000, 90.0000000000
62.0000000000, 88.0000000000
63.0000000000, 86.0000000000
63.0000000000, 85.0000000000
64.0000000000, 85.0000000000
65.0000000000, 83.0000000000
pattern3
occurrence1
66.0000000000, 92.0000000000
66.0000000000, 90.0000000000
67.0000000000, 88.0000000000
67.0000000000, 86.0000000000
68.0000000000, 86.0000000000
69.0000000000, 85.0000000000
pattern4
occurrence1
50.0000000000, 95.0000000000
51.0000000000, 93.0000000000
51.0000000000, 92.0000000000
52.0000000000, 92.0000000000
pattern5
occurrence1
55.0000000000, 90.0000000000
56.0000000000, 90.0000000000
56.0000000000, 88.0000000000
57.0000000000, 88.0000000000
pattern6
occurrence1
74.0000000000, 86.0000000000
75.0000000000, 85.0000000000
76.0000000000, 85.0000000000
76.0000000000, 83.0000000000
76.0000000000, 85.0000000000
77.0000000000, 83.0000000000
pattern7
occurrence1
2.0000000000, 81.0000000000
3.0000000000, 81.0000000000
3.0000000000, 81.0000000000
4.0000000000, 83.0000000000
4.0000000000, 81.0000000000
4.0000000000, 83.0000000000
5.0000000000, 81.0000000000
pattern8
occurrence1
83.0000000000, 86.0000000000
83.0000000000, 85.0000000000
83.0000000000, 86.0000000000
84.0000000000, 85.0000000000
84.0000000000, 88.0000000000
pattern9
occurrence1
91.0000000000, 86.0000000000
91.0000000000, 85.0000000000
91.0000000000, 86.0000000000
92.0000000000, 85.0000000000
pattern10
occurrence1
10.0000000000, 81.0000000000
11.0000000000, 81.0000000000
11.0000000000, 81.0000000000
12.0000000000, 79.0000000000
12.0000000000, 78.0000000000
12.0000000000, 79.0000000000
13.0000000000, 78.0000000000
