pattern1
occurrence1
0.0000000000, 77.0000000000
1.0000000000, 77.0000000000
1.5000000000, 79.0000000000
1.7500000000, 77.0000000000
2.0000000000, 76.0000000000
2.5000000000, 77.0000000000
3.0000000000, 72.0000000000
pattern2
occurrence1
12.0000000000, 89.0000000000
13.5000000000, 91.0000000000
13.7500000000, 89.0000000000
14.0000000000, 88.0000000000
14.5000000000, 89.0000000000
15.0000000000, 91.0000000000
17.0000000000, 82.0000000000
18.0000000000, 81.0000000000
20.0000000000, 86.0000000000
20.7500000000, 82.0000000000
21.0000000000, 81.0000000000
23.0000000000, 79.0000000000
pattern3
occurrence1
6.0000000000, 77.0000000000
7.5000000000, 79.0000000000
7.7500000000, 77.0000000000
8.0000000000, 76.0000000000
8.5000000000, 77.0000000000
9.0000000000, 74.0000000000
pattern4
occurrence1
30.0000000000, 77.0000000000
31.5000000000, 79.0000000000
31.7500000000, 77.0000000000
32.0000000000, 76.0000000000
32.5000000000, 77.0000000000
33.0000000000, 74.0000000000
pattern5
occurrence1
24.0000000000, 77.0000000000
25.5000000000, 79.0000000000
25.7500000000, 77.0000000000
26.0000000000, 76.0000000000
26.5000000000, 77.0000000000
27.0000000000, 72.0000000000
pattern6
occurrence1
63.0000000000, 89.0000000000
64.5000000000, 91.0000000000
64.7500000000, 89.0000000000
65.0000000000, 88.0000000000
65.5000000000, 89.0000000000
pattern7
occurrence1
75.0000000000, 96.0000000000
76.5000000000, 98.0000000000
76.7500000000, 96.0000000000
77.0000000000, 95.0000000000
77.5000000000, 96.0000000000
78.0000000000, 98.0000000000
79.5000000000, 99.0000000000
79.7500000000, 98.0000000000
80.0000000000, 97.0000000000
80.5000000000, 98.0000000000
81.0000000000, 100.0000000000
82.0000000000, 100.0000000000
83.0000000000, 100.0000000000
84.0000000000, 101.0000000000
pattern8
occurrence1
88.5000000000, 81.0000000000
89.0000000000, 81.0000000000
90.0000000000, 84.0000000000
91.5000000000, 82.0000000000
92.0000000000, 79.0000000000
92.5000000000, 77.0000000000
93.0000000000, 76.0000000000
pattern9
occurrence1
94.5000000000, 82.0000000000
95.0000000000, 82.0000000000
96.0000000000, 86.0000000000
97.5000000000, 84.0000000000
98.0000000000, 81.0000000000
98.5000000000, 79.0000000000
99.0000000000, 77.0000000000
pattern10
occurrence1
36.0000000000, 89.0000000000
37.5000000000, 91.0000000000
37.7500000000, 89.0000000000
38.0000000000, 88.0000000000
38.5000000000, 89.0000000000
39.0000000000, 93.0000000000
41.0000000000, 91.0000000000
42.0000000000, 91.0000000000
43.5000000000, 93.0000000000
43.7500000000, 91.0000000000
44.0000000000, 90.0000000000
44.5000000000, 91.0000000000
45.0000000000, 94.0000000000
47.0000000000, 93.0000000000
48.0000000000, 93.0000000000
49.5000000000, 94.0000000000
49.7500000000, 93.0000000000
50.0000000000, 91.0000000000
50.5000000000, 93.0000000000
51.0000000000, 96.0000000000
52.5000000000, 94.0000000000
53.0000000000, 93.0000000000
53.5000000000, 91.0000000000
54.0000000000, 89.0000000000
56.0000000000, 93.0000000000
56.5000000000, 91.0000000000
57.0000000000, 89.0000000000
pattern11
occurrence1
123.0000000000, 84.0000000000
124.5000000000, 85.0000000000
124.7500000000, 84.0000000000
125.0000000000, 82.0000000000
125.5000000000, 84.0000000000
126.0000000000, 87.0000000000
127.5000000000, 85.0000000000
128.0000000000, 82.0000000000
128.5000000000, 80.0000000000
129.0000000000, 79.0000000000
pattern12
occurrence1
130.5000000000, 87.0000000000
130.7500000000, 85.0000000000
131.0000000000, 84.0000000000
131.5000000000, 85.0000000000
132.0000000000, 89.0000000000
133.5000000000, 87.0000000000
134.0000000000, 84.0000000000
134.5000000000, 82.0000000000
135.0000000000, 81.0000000000
pattern13
occurrence1
100.5000000000, 89.0000000000
101.0000000000, 89.0000000000
102.0000000000, 93.0000000000
103.5000000000, 91.0000000000
104.0000000000, 91.0000000000
104.5000000000, 89.0000000000
105.0000000000, 89.0000000000
105.5000000000, 88.0000000000
106.0000000000, 88.0000000000
106.5000000000, 86.0000000000
107.0000000000, 84.0000000000
107.5000000000, 82.0000000000
108.0000000000, 81.0000000000
111.0000000000, 81.0000000000
111.5000000000, 83.0000000000
111.7500000000, 85.0000000000
112.0000000000, 86.0000000000
112.2500000000, 88.0000000000
112.5000000000, 89.0000000000
112.7500000000, 88.0000000000
113.0000000000, 86.0000000000
113.2500000000, 84.0000000000
113.5000000000, 83.0000000000
113.7500000000, 81.0000000000
114.0000000000, 79.0000000000
117.0000000000, 79.0000000000
117.5000000000, 81.0000000000
117.7500000000, 83.0000000000
118.0000000000, 84.0000000000
118.2500000000, 83.0000000000
118.5000000000, 84.0000000000
118.7500000000, 83.0000000000
119.0000000000, 84.0000000000
119.2500000000, 83.0000000000
119.5000000000, 84.0000000000
119.7500000000, 83.0000000000
120.0000000000, 84.0000000000
pattern14
occurrence1
148.5000000000, 95.0000000000
149.0000000000, 95.0000000000
149.5000000000, 96.0000000000
150.0000000000, 95.0000000000
150.2500000000, 79.0000000000
150.5000000000, 81.0000000000
150.7500000000, 83.0000000000
151.0000000000, 84.0000000000
151.2500000000, 86.0000000000
151.5000000000, 88.0000000000
151.7500000000, 90.0000000000
152.0000000000, 91.0000000000
152.2500000000, 90.0000000000
152.5000000000, 91.0000000000
152.7500000000, 90.0000000000
153.0000000000, 91.0000000000
pattern15
occurrence1
154.5000000000, 95.0000000000
155.0000000000, 95.0000000000
155.5000000000, 96.0000000000
156.0000000000, 95.0000000000
156.2500000000, 67.0000000000
156.5000000000, 69.0000000000
156.7500000000, 71.0000000000
157.0000000000, 72.0000000000
157.2500000000, 74.0000000000
157.5000000000, 76.0000000000
157.7500000000, 78.0000000000
158.0000000000, 79.0000000000
158.2500000000, 78.0000000000
158.5000000000, 79.0000000000
158.7500000000, 78.0000000000
159.0000000000, 79.0000000000
159.2500000000, 79.0000000000
159.5000000000, 81.0000000000
159.7500000000, 83.0000000000
160.0000000000, 84.0000000000
160.2500000000, 86.0000000000
160.5000000000, 88.0000000000
160.7500000000, 90.0000000000
161.0000000000, 91.0000000000
161.2500000000, 90.0000000000
161.5000000000, 91.0000000000
161.7500000000, 90.0000000000
162.0000000000, 91.0000000000
162.5000000000, 91.0000000000
163.5000000000, 91.0000000000
164.5000000000, 91.0000000000
165.0000000000, 92.0000000000
165.5000000000, 92.0000000000
166.5000000000, 92.0000000000
167.5000000000, 92.0000000000
168.0000000000, 93.0000000000
168.5000000000, 93.0000000000
169.0000000000, 89.0000000000
169.5000000000, 89.0000000000
170.0000000000, 86.0000000000
170.5000000000, 86.0000000000
171.0000000000, 83.0000000000
171.5000000000, 83.0000000000
172.0000000000, 79.0000000000
172.5000000000, 79.0000000000
173.0000000000, 83.0000000000
173.5000000000, 83.0000000000
174.0000000000, 84.0000000000
174.5000000000, 84.0000000000
175.0000000000, 86.0000000000
175.5000000000, 86.0000000000
176.0000000000, 88.0000000000
176.5000000000, 88.0000000000
177.0000000000, 91.0000000000
178.0000000000, 89.0000000000
pattern16
occurrence1
136.5000000000, 89.0000000000
136.7500000000, 87.0000000000
137.0000000000, 86.0000000000
137.5000000000, 87.0000000000
138.0000000000, 89.0000000000
141.0000000000, 87.0000000000
142.0000000000, 86.0000000000
143.0000000000, 84.0000000000
144.0000000000, 83.0000000000
144.2500000000, 79.0000000000
144.5000000000, 81.0000000000
144.7500000000, 83.0000000000
145.0000000000, 84.0000000000
145.2500000000, 86.0000000000
145.5000000000, 88.0000000000
145.7500000000, 90.0000000000
146.0000000000, 91.0000000000
146.2500000000, 90.0000000000
146.5000000000, 91.0000000000
146.7500000000, 90.0000000000
147.0000000000, 91.0000000000
pattern17
occurrence1
69.0000000000, 91.0000000000
70.5000000000, 93.0000000000
70.7500000000, 91.0000000000
71.0000000000, 90.0000000000
71.5000000000, 91.0000000000
