pattern1
occurrence1
6.0000000000, 77.0000000000
7.5000000000, 79.0000000000
7.7500000000, 77.0000000000
8.0000000000, 76.0000000000
8.5000000000, 77.0000000000
9.0000000000, 74.0000000000
pattern2
occurrence1
30.0000000000, 77.0000000000
31.5000000000, 79.0000000000
31.7500000000, 77.0000000000
32.0000000000, 76.0000000000
32.5000000000, 77.0000000000
33.0000000000, 74.0000000000
pattern3
occurrence1
0.0000000000, 77.0000000000
1.0000000000, 77.0000000000
1.5000000000, 79.0000000000
1.7500000000, 77.0000000000
2.0000000000, 76.0000000000
2.5000000000, 77.0000000000
3.0000000000, 72.0000000000
pattern4
occurrence1
24.0000000000, 77.0000000000
25.5000000000, 79.0000000000
25.7500000000, 77.0000000000
26.0000000000, 76.0000000000
26.5000000000, 77.0000000000
27.0000000000, 72.0000000000
