pattern1
occurrence1
60.0000000000, 76.0000000000
62.0000000000, 77.0000000000
63.0000000000, 81.0000000000
64.0000000000, 74.0000000000
pattern2
occurrence1
46.0000000000, 84.0000000000
47.0000000000, 88.0000000000
48.0000000000, 89.0000000000
50.0000000000, 90.0000000000
51.0000000000, 91.0000000000
52.0000000000, 93.0000000000
pattern3
occurrence1
14.0000000000, 84.0000000000
15.0000000000, 85.0000000000
16.0000000000, 86.0000000000
18.0000000000, 87.0000000000
19.0000000000, 88.0000000000
20.0000000000, 91.0000000000
21.0000000000, 89.0000000000
22.0000000000, 88.0000000000
pattern4
occurrence1
80.5000000000, 98.0000000000
81.0000000000, 97.0000000000
81.5000000000, 100.0000000000
82.0000000000, 98.0000000000
82.5000000000, 95.0000000000
83.0000000000, 96.0000000000
83.5000000000, 93.0000000000
84.0000000000, 91.0000000000
88.0000000000, 91.0000000000
pattern5
occurrence1
92.5000000000, 100.0000000000
93.0000000000, 98.0000000000
93.5000000000, 101.0000000000
94.0000000000, 100.0000000000
94.5000000000, 96.0000000000
95.0000000000, 95.0000000000
95.5000000000, 98.0000000000
96.0000000000, 96.0000000000
pattern6
occurrence1
8.0000000000, 84.0000000000
10.0000000000, 86.0000000000
12.0000000000, 83.0000000000
pattern7
occurrence1
40.0000000000, 84.0000000000
42.0000000000, 86.0000000000
44.0000000000, 83.0000000000
pattern8
occurrence1
68.5000000000, 91.0000000000
69.0000000000, 90.0000000000
69.5000000000, 93.0000000000
70.0000000000, 91.0000000000
70.5000000000, 88.0000000000
71.0000000000, 89.0000000000
71.5000000000, 86.0000000000
72.0000000000, 84.0000000000
pattern9
occurrence1
28.0000000000, 76.0000000000
30.0000000000, 74.0000000000
31.0000000000, 81.0000000000
32.0000000000, 72.0000000000
