pattern1
occurrence1
66.0000000000, 92.0000000000
66.5000000000, 90.0000000000
67.0000000000, 88.0000000000
67.5000000000, 86.0000000000
68.0000000000, 86.0000000000
69.0000000000, 85.0000000000
pattern2
occurrence1
77.7500000000, 95.0000000000
78.2500000000, 92.0000000000
78.5000000000, 88.0000000000
78.7500000000, 95.0000000000
79.2500000000, 92.0000000000
79.5000000000, 88.0000000000
79.7500000000, 93.0000000000
80.2500000000, 97.0000000000
80.7500000000, 88.0000000000
pattern3
occurrence1
2.5000000000, 81.0000000000
3.0000000000, 81.0000000000
3.5000000000, 81.0000000000
4.0000000000, 83.0000000000
4.7500000000, 81.0000000000
4.8750000000, 83.0000000000
5.0000000000, 81.0000000000
