pattern1
occurrence1
16.0000000000, 77.0000000000
16.0000000000, 82.0000000000
17.0000000000, 81.0000000000
17.0000000000, 79.0000000000
18.0000000000, 77.0000000000
18.0000000000, 72.0000000000
19.0000000000, 77.0000000000
19.0000000000, 72.0000000000
20.0000000000, 72.0000000000
20.0000000000, 69.0000000000
20.0000000000, 65.0000000000
21.0000000000, 72.0000000000
21.0000000000, 72.0000000000
21.0000000000, 72.0000000000
22.0000000000, 69.0000000000
pattern2
occurrence1
66.0000000000, 65.0000000000
67.0000000000, 72.0000000000
67.0000000000, 72.0000000000
67.0000000000, 72.0000000000
68.0000000000, 69.0000000000
pattern3
occurrence1
8.0000000000, 77.0000000000
8.0000000000, 79.0000000000
8.0000000000, 81.0000000000
9.0000000000, 82.0000000000
9.0000000000, 84.0000000000
9.0000000000, 82.0000000000
10.0000000000, 81.0000000000
10.0000000000, 79.0000000000
11.0000000000, 79.0000000000
11.0000000000, 84.0000000000
12.0000000000, 84.0000000000
12.0000000000, 83.0000000000
12.0000000000, 81.0000000000
13.0000000000, 83.0000000000
14.0000000000, 84.0000000000
15.0000000000, 77.0000000000
pattern4
occurrence1
0.0000000000, 79.0000000000
0.0000000000, 72.0000000000
1.0000000000, 77.0000000000
1.0000000000, 65.0000000000
2.0000000000, 69.0000000000
2.0000000000, 65.0000000000
3.0000000000, 69.0000000000
3.0000000000, 72.0000000000
4.0000000000, 77.0000000000
4.0000000000, 82.0000000000
4.0000000000, 81.0000000000
4.0000000000, 79.0000000000
5.0000000000, 77.0000000000
5.0000000000, 79.0000000000
6.0000000000, 81.0000000000
7.0000000000, 81.0000000000
